episode,length,time,reward,delta
0,23.0,0.0016590000000178406,-1.115,-1.0003190159064788
1,15.0,0.0009850000001279113,-1.075,-1.0003264792149493
2,30.0,0.0018989999998666462,-1.1500000000000001,-1.000376488967356
3,12.0,0.0007270000000971777,-1.06,-1.00016243589801
4,35.0,0.0022810000000390573,-1.175,-1.0002367389488762
5,9.0,0.0007510000000365835,-1.045,-1.000175881579071
6,45.0,0.0027529999997568666,-1.225,-0.500188244483678
7,8.0,0.0007779999996273546,-1.04,-1.0000426930783057
8,10.0,0.0009770000001481094,-1.05,-1.000067438342772
9,11.0,0.0006880000000819564,-1.055,-0.9997077884637655
10,17.0,0.00099499999987529,-1.085,-1.000410178465283
11,15.0,0.0008880000000317523,-1.075,-0.9999207038147071
12,13.0,0.000792000000274129,-1.065,-0.9954017543199081
13,25.0,0.0016140000002451416,-1.125,-0.9944986024581829
14,6.0,0.00042600000006132177,-1.03,-0.49770087715995404
15,25.0,0.0015539999999418797,-1.125,-0.49996035190735355
16,17.0,0.0009970000000976142,-1.085,-0.5000213465391528
17,65.0,0.004954999999881693,-1.3250000000000002,-0.9997206846070427
18,37.0,0.002575999999862688,-1.185,-0.9999565397123777
19,25.0,0.0015550000002804154,-1.125,-1.000338376241557
20,49.0,0.003465000000232976,-1.245,-0.992757267015531
21,19.0,0.001152000000274711,-1.095,-0.9901446134321565
22,15.0,0.0008820000002742745,-1.075,-0.24885043857997702
23,16.0,0.0009679999998297717,-1.08,-0.9998214643283612
24,18.0,0.0011089999998148414,-1.09,-0.9942702090244468
25,15.0,0.0016479999999319261,-1.075,-0.9901743396091949
26,14.0,0.00112200000012308,-1.07,-1.000140156958781
27,15.0,0.0009030000001075678,-1.075,-0.12442521928998851
28,74.0,0.004203999999845109,-1.37,-0.9999020486257362
29,34.0,0.0019070000003011955,-1.1700000000000002,-0.99644086943069
30,53.0,0.0029560000002675224,-1.2650000000000001,-1.0001272144300926
31,105.0,0.007885999999871274,-1.5250000000000004,-0.7454779802459067
32,26.0,0.001702000000022963,-1.1300000000000001,-0.9891941674848574
33,20.0,0.0011639999997896666,-1.1,-0.5001595079532395
34,33.0,0.0018950000003314926,-1.165,-0.9973765987257835
35,28.0,0.001734999999825959,-1.1400000000000001,-0.9875015619556047
36,25.0,0.0018319999999221181,-1.125,-0.5001632396074747
37,11.0,0.0009589999999661813,-1.055,-1.0002194313049588
38,62.0,0.004562000000078115,-1.31,-0.9997185330150387
39,63.0,0.003802000000177941,0.6849999999999998,0.999881921457959
40,44.0,0.002476000000115164,0.7799999999999999,0.4999409607289794
41,16.0,0.0009349999995720282,-1.08,-0.25021254966798223
42,51.0,0.0038259999996625993,-1.2550000000000001,-0.5002050892326415
43,35.0,0.002211999999872205,-1.175,-0.9856498161457489
44,42.0,0.002437999999983731,-1.2100000000000002,-0.999523893835153
45,54.0,0.003146000000015192,0.7299999999999999,0.24997048036448977
46,33.0,0.0019800000000032014,-1.165,-0.9995023999216108
47,23.0,0.001314000000093074,0.885,0.12498524018224488
48,45.0,0.003285999999661726,-1.225,-0.5000700784793903
49,69.0,0.00436100000024453,-1.3450000000000002,-0.9976007705692698
50,16.0,0.0009399999999004649,-1.08,-1.0001147617779143
51,25.0,0.0015119999998205458,-1.125,-1.0002007901828107
52,24.0,0.001370999999835476,0.88,0.06249262009112244
53,42.0,0.0023800000003575406,0.7899999999999999,0.03124631004556122
54,55.0,0.004151999999976397,-1.2750000000000001,-0.9841846342986004
55,41.0,0.002492999999958556,0.7949999999999999,0.015623155022780555
56,33.0,0.0020039999999426072,-1.165,-0.9993738881251714
57,22.0,0.0014030000002094312,-1.11,-0.9972855950209637
58,37.0,0.0022060000001147273,-1.185,-1.6475802953388452
59,35.0,0.0020930000000589644,-1.175,-1.1287786608570587
60,26.0,0.0015480000001844019,0.87,0.0078115775113902775
61,102.0,0.007078000000092288,0.48999999999999966,0.1559000086287674
62,39.0,0.0024439999997412087,-1.195,-0.9974911595913334
63,17.0,0.0010010000000875152,0.915,0.0779500043143837
64,20.0,0.001164000000244414,0.9,0.03897500215719185
65,40.0,0.002242000000023836,-1.2000000000000002,-0.9851587072196394
66,57.0,0.004695999999967171,0.7149999999999999,0.01948750107859598
67,40.0,0.0036649999997280247,-1.2000000000000002,-0.4998592665075193
68,39.0,0.0024960000000646687,0.8049999999999999,0.00974375053929799
69,40.0,0.002272000000175467,0.7999999999999999,0.004871875269649051
70,29.0,0.0016319999999723223,-1.145,-1.9977539233732076
71,58.0,0.004657999999835738,-1.29,-1.003059303180368
72,44.0,0.0035029999999096617,-1.2200000000000002,-0.9996819314122741
73,24.0,0.0016430000000582368,-1.12,-0.49984096570613706
74,48.0,0.0026569999999992433,0.7599999999999999,1.0036960526096406
75,21.0,0.0014050000004317553,0.895,0.5018480263048204
76,30.0,0.0019829999996545666,0.85,0.36586549936597534
77,26.0,0.0026010000001406297,-1.1300000000000001,-0.9955755368348833
78,114.0,0.006643999999596417,-1.5700000000000003,-0.9881251508939661
79,32.0,0.0018990000003213936,0.84,0.18293274968298767
80,49.0,0.002715000000080181,0.7549999999999999,0.09146637484149389
81,28.0,0.0021320000000741857,-1.1400000000000001,-0.9994877817624933
82,26.0,0.0021860000001652224,0.87,0.045733187420746946
83,26.0,0.0014880000003358873,0.87,0.022866593710373473
84,19.0,0.0010959999999613501,0.905,0.16229839051333528
85,16.0,0.0009359999999105639,0.92,0.22155690415459417
86,19.0,0.0011979999999311985,-1.095,-1.5640808821720298
87,54.0,0.0029789999998683925,0.7299999999999999,0.11077845207729708
88,17.0,0.0010809999998855346,-1.085,-1.1670501927270762
89,22.0,0.0013229999999566644,-1.11,-1.9448006349693836
90,73.0,0.0051720000001296285,0.6349999999999998,1.0027386474331221
91,27.0,0.001653999999689404,0.865,0.501369323716561
92,24.0,0.001524999999674037,0.88,0.46339283133749687
93,44.0,0.0026170000001002336,0.7799999999999999,0.9054690942121902
94,52.0,0.003228999999919324,0.7399999999999999,0.8738253450576685
95,20.0,0.0014479999999821302,0.9,0.5979425690469721
96,30.0,0.0024330000001100416,0.85,0.49827991621310785
97,42.0,0.002401999999619875,0.7899999999999999,0.7275268934086931
98,60.0,0.0034410000002935703,0.6999999999999998,0.820465094736206
99,53.0,0.0034310000000914442,0.7349999999999999,0.7003594771966424
100,24.0,0.00156299999980547,0.88,0.3501797385983212
101,83.0,0.0053259999999681895,0.5849999999999997,0.9602411957525396
102,38.0,0.00238500000023123,0.8099999999999999,0.9408053864045046
103,45.0,0.0026189999998678104,0.7749999999999999,0.7745834571640845
104,35.0,0.00211699999999837,0.825,0.6303578096750291
105,22.0,0.0012639999999919382,0.89,0.42048215729831395
106,50.0,0.0037330000000110886,0.7499999999999999,0.9112580344526352
107,35.0,0.002331000000140193,0.825,0.9365741233727635
108,70.0,0.004147000000102707,0.6499999999999998,0.9627856899434674
109,34.0,0.0019760000000133005,0.83,0.927536782212292
110,42.0,0.002453999999943335,0.7899999999999999,0.9152137290191246
111,21.0,0.0014029999997546838,0.895,0.6488199391928475
112,142.0,0.009205999999721826,0.2899999999999995,0.9987650342656951
113,29.0,0.0017750000001797162,0.855,0.8219057533342202
114,71.0,0.004036000000269269,0.6449999999999998,0.8915518210687768
115,61.0,0.004567000000406551,0.6949999999999998,0.4457759105343885
116,17.0,0.0009939999999915017,0.915,0.2228879552671943
117,18.0,0.0010489999999663269,0.91,0.11144397763359715
118,33.0,0.002155000000129803,0.835,0.05572198881679857
119,27.0,0.0016569999997955165,0.865,0.027860994408399287
120,26.0,0.0014860000001135631,0.87,0.16442101080999627
121,15.0,0.0008829999997033156,-1.075,-1.917979355603034
122,53.0,0.004168999999819789,0.7349999999999999,1.0125443564414744
123,81.0,0.006804999999985739,0.5949999999999998,0.9969243982980905
124,45.0,0.002561999999670661,0.7749999999999999,0.9982764495338741
125,68.0,0.004175999999915803,0.6599999999999998,0.9494293997491082
126,73.0,0.00530899999967005,0.6349999999999998,1.011193272111609
127,19.0,0.001146000000062486,0.905,0.7901991965760269
128,45.0,0.0027869999998983985,0.7749999999999999,0.692459983195904
129,41.0,0.002322999999705644,0.7949999999999999,0.44687558104468583
130,150.0,0.009787999999844033,0.24999999999999944,1.0129836380831039
131,33.0,0.0019700000002558227,0.835,0.7506074186306309
132,68.0,0.0037460000003193272,0.6599999999999998,0.9630073696137189
133,39.0,0.0023019999998723506,0.8049999999999999,0.9524318894382428
134,20.0,0.0011509999999361753,0.9,0.7348032230101076
135,12.0,0.0014400000000023283,-1.06,-0.9890756492276717
136,66.0,0.0045370000002549205,0.6699999999999998,0.9975557128569617
137,27.0,0.00169000000005326,0.865,0.7465806819343414
138,36.0,0.0021059999999124557,0.82,0.6217592075060461
139,20.0,0.0011559999998098647,0.9,0.4168277513764962
140,20.0,0.001152000000274711,0.9,0.5205044482666278
141,39.0,0.002645999999913329,0.8049999999999999,0.26025222413331384
142,17.0,0.0016310000000885339,0.915,0.13012611206665692
143,50.0,0.002797999999984313,0.7499999999999999,0.560836946601922
144,56.0,0.003456999999798427,0.7199999999999999,0.9935013586761883
145,35.0,0.0021239999996396364,0.825,0.8129312783886339
146,33.0,0.0018610000001899607,0.835,0.9303285756597914
147,49.0,0.0038580000000365544,0.7549999999999999,0.9860139080277786
148,71.0,0.004202999999961321,0.6449999999999998,1.006708702432761
149,29.0,0.0018689999997150153,0.855,0.8508286826629327
150,26.0,0.001475999999911437,0.87,0.5141822783181731
151,31.0,0.0017339999999421707,0.845,0.25709113915908643
152,20.0,0.0011439999998401618,0.9,0.4714553247776194
153,28.0,0.001989000000321539,0.86,0.8328996106194855
154,22.0,0.0022149999999783176,0.89,0.6482645135454281
155,48.0,0.0026739999998426356,0.7599999999999999,0.4280925064432336
156,44.0,0.0028999999999541615,0.7799999999999999,0.910425131369813
157,34.0,0.003168000000187021,0.83,0.6111642418522341
158,52.0,0.003173999999944499,0.7399999999999999,0.9719033522815702
159,36.0,0.00300199999992401,0.82,0.8007478110624809
160,25.0,0.0016859999996086117,0.875,0.7651981011196535
161,51.0,0.003153999999994994,0.7449999999999999,0.3825990505598268
162,52.0,0.0030169999999998254,0.7399999999999999,0.8983533241762489
163,17.0,0.0009979999999814027,0.915,0.5343802509613323
164,66.0,0.004742000000078406,0.6699999999999998,0.9904061187983147
165,32.0,0.002207999999882304,0.84,0.6966288557130899
166,36.0,0.002025000000230648,0.82,0.6598466519887878
167,38.0,0.0025500000001557055,0.8099999999999999,0.3299233259943939
168,34.0,0.0019139999999424617,0.83,0.29279750173404406
169,48.0,0.002903000000060274,0.7599999999999999,0.8273324619054118
170,77.0,0.006649999999808642,0.6149999999999998,0.8971664772894712
171,84.0,0.006562000000030821,0.5799999999999997,0.9675294633970625
172,67.0,0.004670999999689229,0.6649999999999998,0.9680718026799437
173,39.0,0.00271100000009028,0.8049999999999999,0.7806325840412089
174,15.0,0.000889000000370288,-1.075,-0.995334776636345
175,67.0,0.0038500000000567525,0.6649999999999998,0.8636245543672674
176,25.0,0.0014180000002852466,0.875,0.8576878197680866
177,82.0,0.005256000000372296,0.5899999999999997,1.0038086437104918
178,96.0,0.006260999999994965,0.5199999999999997,0.9874895410691515
179,26.0,0.0016140000002451416,0.87,0.8084784204998309
180,71.0,0.004030999999940832,0.6449999999999998,0.9974581659709678
181,136.0,0.008917999999994208,0.3199999999999995,1.0109610771810358
182,197.0,0.012638000000151806,-1.9850000000000008,-0.999515924199402
183,63.0,0.0038929999996071274,-1.3150000000000002,-0.985922410377565
184,72.0,0.004429999999956635,0.6399999999999998,0.9941496757620082
185,31.0,0.0017539999998916755,-1.155,-0.9858193401080549
186,65.0,0.004770999999891501,0.6749999999999998,0.8891150720697794
187,71.0,0.00403199999982462,0.6449999999999998,0.4445575360348897
188,168.0,0.011237000000164699,0.15999999999999936,0.970438823822355
189,105.0,0.006327999999939493,0.47499999999999964,0.9334450770512257
190,58.0,0.00367999999980384,0.7099999999999999,0.949959771732018
191,82.0,0.0057240000001002045,0.5899999999999997,0.9873027105183468
192,27.0,0.0019559999996090482,0.865,0.6956759154081222
193,48.0,0.00271100000009028,0.7599999999999999,0.8076454056598381
194,31.0,0.0020190000000184227,0.845,0.8525215003067421
195,33.0,0.0019200000001546869,0.835,0.8205954927625008
196,100.0,0.006880999999793858,-1.5000000000000004,-0.9973026235567043
197,93.0,0.005556999999953405,-1.4650000000000003,-0.9830280378235383
198,34.0,0.001975000000129512,0.83,0.9272286243742395
199,43.0,0.0024079999998321,0.7849999999999999,0.6772294163314972
200,20.0,0.001150000000052387,0.9,0.6629745175215185
201,58.0,0.004327999999986787,0.7099999999999999,0.6592539443855552
202,34.0,0.0020110000000386208,0.83,0.7967802402040292
203,66.0,0.004711999999926775,0.6699999999999998,0.9438912307239308
204,96.0,0.006251000000247586,0.5199999999999997,0.8115579391210812
205,22.0,0.0023960000003171444,0.89,0.4974922123128862
206,36.0,0.002034000000094238,0.82,0.6360932960796188
207,31.0,0.0019199999996999395,0.845,0.7069822705340186
208,32.0,0.0019560000000637956,0.84,0.8017897236889435
209,44.0,0.002621999999973923,0.7799999999999999,0.4008948618444719
210,37.0,0.002256000000215863,0.815,0.6548028731531104
211,99.0,0.006784000000152446,0.5049999999999997,0.925975057544848
212,81.0,0.004789000000073429,0.5949999999999998,0.9602442949722917
213,39.0,0.002357999999730964,-1.195,-1.000039287984654
214,37.0,0.0022100000001046283,0.815,0.8961856341568655
215,31.0,0.003097999999681633,0.845,0.44809281707843285
216,68.0,0.004028000000289467,0.6599999999999998,0.9260855880886816
217,122.0,0.0071170000001075095,0.38999999999999957,1.013990400085413
218,33.0,0.0032310000001416483,-1.165,-0.9932748022812866
219,67.0,0.0038640000002487795,0.6649999999999998,0.5069952000427065
220,126.0,0.007569999999759602,-1.6300000000000003,-0.9995602572922332
221,176.0,0.012634000000161905,0.11999999999999933,0.4654251791603169
222,26.0,0.001483999999891239,0.87,0.2327125895801585
223,124.0,0.011199000000033266,-1.6200000000000006,-0.9936793105493619
224,86.0,0.005036000000018248,-1.4300000000000002,-0.9867275700400383
225,92.0,0.008176999999705004,-1.4600000000000004,-0.986946984868081
226,66.0,0.003963000000112515,0.6699999999999998,0.11635629479007925
227,99.0,0.006225999999969645,0.5049999999999997,0.891414391412394
228,142.0,0.011038000000098691,0.2899999999999995,0.9986758854072111
229,92.0,0.00812099999984639,0.5399999999999997,1.013700426336574
230,37.0,0.003099000000020169,0.815,0.9147727262058485
231,205.0,0.014648000000306638,-0.025000000000000133,1.017010557120576
232,85.0,0.005167000000255939,0.5749999999999997,0.9726685829179926
233,92.0,0.007206000000223867,0.5399999999999997,0.9550924508658367
234,83.0,0.00757000000021435,0.5849999999999997,0.47754622543291836
235,70.0,0.004773000000113825,0.6499999999999998,0.9492016636870626
236,101.0,0.008097999999790773,0.49499999999999966,0.9911186301682607
237,100.0,0.006127999999989697,0.49999999999999967,0.744900583236707
238,22.0,0.0023660000001655135,0.89,0.3724502916183535
239,60.0,0.004961000000093918,0.6999999999999998,0.18622514580917682
240,62.0,0.003917000000001281,0.6899999999999998,0.7848745191815556
241,51.0,0.0031140000000959844,0.7449999999999999,0.7317059195555663
242,50.0,0.004805999999916821,0.7499999999999999,0.4635551039975423
243,19.0,0.0012109999997846899,0.905,0.23177755199877115
244,25.0,0.0015359999997599516,0.875,0.2510855477859044
245,24.0,0.001510000000052969,0.88,0.1255427738929522
246,23.0,0.0013209999997343402,0.885,0.2059357670909313
247,123.0,0.00865700000031211,0.38499999999999956,1.0148904258603333
248,39.0,0.0022509999998874264,0.8049999999999999,0.8249465951488107
249,37.0,0.002265999999963242,0.815,0.7891279832744069
250,39.0,0.0023830000000089058,0.8049999999999999,0.48795948107804954
251,82.0,0.004622000000381377,0.5899999999999997,0.613574472951821
252,38.0,0.003150000000005093,0.8099999999999999,0.5039269414987346
253,35.0,0.001964999999927386,0.825,0.8907534846877836
254,68.0,0.003932000000077096,0.6599999999999998,0.8360098727614464
255,30.0,0.0017229999998562562,0.85,0.8332414657830131
256,82.0,0.005259000000023661,0.5899999999999997,0.5067077111442071
257,48.0,0.0036250000002837623,0.7599999999999999,0.8402807403371172
258,64.0,0.0039819999997234845,0.6799999999999998,0.9079257252515847
259,40.0,0.0023559999999633874,0.7999999999999999,0.6713022198696472
260,18.0,0.0010440000000926375,0.91,0.3356511099348236
261,47.0,0.0028210000000399305,0.7649999999999999,0.8204709365302667
262,78.0,0.005007999999634194,0.6099999999999998,0.9907236904767076
263,53.0,0.003505999999561027,0.7349999999999999,1.0066718835527775
264,35.0,0.0021840000003976456,0.825,0.5033359417763886
265,77.0,0.004418999999870721,0.6149999999999998,0.9113249365842894
266,114.0,0.007837000000108674,0.4299999999999996,1.0160641384445341
267,117.0,0.006793999999899825,0.4149999999999996,1.0158051435800675
268,49.0,0.004256000000168569,-1.245,-0.9846194528311428
269,58.0,0.00333100000034392,0.7099999999999999,0.8992385366678238
270,59.0,0.0034230000001116423,-1.2950000000000002,-0.7416625022131009
271,49.0,0.002870999999686319,-1.245,-0.5001003950914054
272,42.0,0.0023920000003272435,0.7899999999999999,0.5347564662702518
273,45.0,0.003451000000040949,0.7749999999999999,0.5567159342836916
274,21.0,0.0015220000000226719,0.895,0.2783579671418458
275,105.0,0.00592899999992369,0.47499999999999964,0.9318877075233323
276,101.0,0.007020999999895139,0.49499999999999966,0.7726050464167119
277,22.0,0.0014320000000225264,-1.11,-1.0004503622255327
278,177.0,0.011799999999766442,0.11499999999999932,1.0163599056357215
279,18.0,0.0021050000000286673,0.91,0.7045982903838511
280,79.0,0.006259000000227388,0.6049999999999998,0.980863346620801
281,28.0,0.0018669999999474385,0.86,0.4904316733104005
282,49.0,0.003271000000040658,0.7549999999999999,0.9789744055503105
283,117.0,0.007817000000159169,0.4149999999999996,0.8778255353996375
284,18.0,0.0011620000000220898,0.91,0.6620595803232336
285,55.0,0.0032219999998233106,0.7249999999999999,0.8853976934363541
286,89.0,0.006820000000061555,0.5549999999999997,0.8457264676083849
287,38.0,0.002168999999867083,0.8099999999999999,0.7930465426908457
288,116.0,0.007931999999982509,0.4199999999999996,1.0131385866695524
289,42.0,0.0035249999996267434,0.7899999999999999,0.8406853369935923
290,29.0,0.001645999999709602,0.855,0.8789581792501915
291,70.0,0.004205999999612686,0.6499999999999998,0.9142661711747959
292,68.0,0.003790000000208238,0.6599999999999998,0.9310406070212532
293,19.0,0.0012220000003253517,0.905,0.678399933253046
294,108.0,0.008546000000023923,0.45999999999999963,0.8233586888321922
295,31.0,0.001979000000119413,0.845,0.82308435077795
296,23.0,0.0019440000000940927,0.885,0.6452506153203367
297,102.0,0.007454000000052474,0.48999999999999966,1.0113284452566278
298,55.0,0.0034210000003440655,0.7249999999999999,0.9802322959152394
299,21.0,0.0018580000000838481,0.895,0.7833304217667694
300,130.0,0.009525999999823398,0.34999999999999953,1.0142427217760597
301,36.0,0.0022109999999884167,0.82,0.8757137166304465
302,32.0,0.002094999999826541,0.84,0.43785685831522325
303,112.0,0.006828999999925145,0.4399999999999996,1.0145307503937966
304,32.0,0.0030350000001817534,0.84,0.8248787694348175
305,34.0,0.003960999999890191,0.83,0.8294072002908652
306,67.0,0.005481000000145286,0.6649999999999998,0.7964125898956238
307,124.0,0.008628000000044267,0.37999999999999956,0.9881709225415547
308,29.0,0.0018340000001444423,0.855,0.7850916271707944
309,33.0,0.0021980000001349254,0.835,0.5658875134603387
310,46.0,0.0025599999999030842,0.7699999999999999,0.6914069311758213
311,24.0,0.0013680000001841108,0.88,0.7192537474069544
312,56.0,0.003940999999940686,0.7199999999999999,0.9337849274002231
313,75.0,0.004460999999992055,0.6249999999999998,0.780820812300807
314,22.0,0.0015260000000125729,0.89,0.7808069744605577
315,24.0,0.0013790000002700253,0.88,0.5643396826687657
316,34.0,0.002187000000049011,0.83,0.8371862805245659
317,16.0,0.0009820000000217988,0.92,0.5083842574093671
318,67.0,0.005279999999856955,0.6649999999999998,0.9561938099134498
319,63.0,0.003887000000304397,0.6849999999999998,0.968246505341971
320,16.0,0.0009570000001986045,0.92,0.48412325267098555
321,30.0,0.001686000000063359,0.85,0.4571626881722828
322,66.0,0.0036279999999351276,0.6699999999999998,0.8317064286073775
323,76.0,0.00507900000002337,0.6199999999999998,0.8779183455795058
324,25.0,0.00148799999988114,0.875,0.5994211654854856
325,27.0,0.0017309999998360581,0.865,0.9004264106643156
326,35.0,0.002100000000154978,0.825,0.8033615712049755
327,23.0,0.001356000000214408,0.885,0.5724875307426867
328,47.0,0.002595999999812193,0.7649999999999999,0.9638547187716607
329,35.0,0.002373000000261527,0.825,0.8153225490447746
330,28.0,0.0027069999996456318,0.86,0.8061861475001915
331,33.0,0.0022429999999076244,0.835,0.7855902364026145
332,36.0,0.0022189999999682186,0.82,0.5660676360453337
333,28.0,0.0015920000000733125,0.86,0.2830338180226668
334,33.0,0.0018500000001040462,0.835,0.3845191299055777
335,34.0,0.0021639999999933934,0.83,0.42118069882327924
336,31.0,0.0024919999996200204,0.845,0.33158188518632037
337,114.0,0.0072429999995620165,0.4299999999999996,1.0125065966207714
338,72.0,0.004253999999946245,0.6399999999999998,0.7504829093182075
339,30.0,0.001698000000033062,0.85,0.6229574352021046
340,27.0,0.0025569999997969717,0.865,0.9318749368597249
341,34.0,0.0020549999999275315,0.83,0.8669866110478299
342,18.0,0.0010879999999815482,0.91,0.5210493978817543
343,49.0,0.0028770000003532914,0.7549999999999999,0.9095696798800371
344,32.0,0.00179100000013932,0.84,0.4547848399400185
345,33.0,0.0018300000001545413,0.835,1.000268946551942
346,65.0,0.005069000000275992,0.6749999999999998,0.7434057982346226
347,64.0,0.0035410000000410946,0.6799999999999998,0.9269974260717198
348,54.0,0.003228999999919324,0.7299999999999999,0.7232960282074449
349,25.0,0.0014260000002650486,0.875,0.5435638533348286
350,46.0,0.0027580000000853033,0.7699999999999999,0.9883085101381205
351,79.0,0.005788999999822408,0.6049999999999998,1.0062533582842605
352,25.0,0.0014260000002650486,0.875,0.5031266791421303
353,94.0,0.00561199999992823,0.5299999999999997,1.0064756648653543
354,50.0,0.0028630000001612643,0.7499999999999999,0.7891525828773012
355,17.0,0.0013619999999718857,0.915,0.3945762914386506
356,165.0,0.010174000000006345,0.17499999999999938,1.0158030863616294
357,41.0,0.0023130000004130125,0.7949999999999999,0.6492320280930278
358,62.0,0.004836000000068452,0.6899999999999998,0.6357958015106344
359,22.0,0.001265999999759515,0.89,0.5119543964406059
360,41.0,0.0022759999997106206,0.7949999999999999,0.4672166888590581
361,65.0,0.0038580000000365544,0.6749999999999998,0.9832878092999982
362,56.0,0.0033040000002984016,0.7199999999999999,0.7874804153360894
363,35.0,0.00308900000027279,0.825,0.6917503727960889
364,68.0,0.003798999999617081,0.6599999999999998,0.9719137389629262
365,46.0,0.0028419999998732237,0.7699999999999999,0.7684424416482053
366,21.0,0.0011959999997088744,0.895,0.8142819054671621
367,43.0,0.002462999999806925,0.7849999999999999,0.8550398598922908
368,54.0,0.0034160000000156288,0.7299999999999999,0.9751845304534393
369,25.0,0.0028919999999743595,0.875,0.6345585747711942
370,23.0,0.0015130000001590815,0.885,0.6518372945278994
371,42.0,0.0028699999998025305,0.7899999999999999,0.7097802622698699
372,97.0,0.006161000000247441,0.5149999999999997,1.0047020731853828
373,24.0,0.0014240000000427244,0.88,0.5795784692902143
374,28.0,0.0026760000000649597,0.86,0.7840091742972845
375,16.0,0.0011429999999563734,0.92,0.3920045871486423
376,67.0,0.003964999999880092,0.6649999999999998,0.9302794964267844
377,61.0,0.003515000000334112,0.6949999999999998,0.9910456636154575
378,42.0,0.0025930000001608278,0.7899999999999999,0.6968252359435038
379,68.0,0.006343999999899097,0.6599999999999998,1.000934211738428
380,122.0,0.00790099999994709,0.38999999999999957,0.9035521284473715
381,50.0,0.00463099999979022,0.7499999999999999,0.8929481729284778
382,35.0,0.00196399999958885,0.825,0.9748514420826668
383,41.0,0.002543000000059692,0.7949999999999999,0.8372138334646919
384,48.0,0.00286099999993894,-1.2400000000000002,-0.9994552373792263
385,130.0,0.009086999999908585,0.34999999999999953,1.0064163253657048
386,32.0,0.0018099999997502891,0.84,0.8575652041968256
387,26.0,0.0016369999998460116,0.87,0.4287826020984127
388,35.0,0.0021849999998266867,0.825,0.8515437458331472
389,27.0,0.001742999999805761,0.865,0.7941435345232083
390,64.0,0.004619000000275264,0.6799999999999998,0.9245842240505305
391,25.0,0.0018680000002859742,0.875,0.5455283834079021
392,127.0,0.007393000000320171,0.36499999999999955,0.9882066247597565
393,48.0,0.0026779999998325366,0.7599999999999999,0.8861703747431321
394,50.0,0.004588999999668886,0.7499999999999999,0.5292024974522578
395,57.0,0.0040660000004209,0.7149999999999999,0.9398562025324725
396,22.0,0.0013169999997444393,0.89,0.8107970346571105
397,17.0,0.0009970000000976142,0.915,0.40539851732855525
398,28.0,0.001580999999987398,0.86,0.5920258034101913
399,47.0,0.0029169999997975538,0.7649999999999999,0.7031774270739395
400,53.0,0.0036900000000059663,0.7349999999999999,0.9298186424607158
401,51.0,0.003056999999898835,0.7449999999999999,0.988701576339251
402,52.0,0.0034139999997933046,0.7399999999999999,0.9416547255640486
403,19.0,0.0012280000000828295,0.905,0.5527833465511472
404,35.0,0.0024210000001403387,0.825,0.8348688676002788
405,44.0,0.004027999999834719,0.7799999999999999,0.8438458910665358
406,34.0,0.002147000000150001,0.83,0.5112145918897043
407,111.0,0.006466000000273198,0.4449999999999996,1.0081576949955886
408,25.0,0.0014169999999467109,0.875,0.5810471085595517
409,22.0,0.001423000000158936,0.89,0.49217643111202725
410,67.0,0.005272999999760941,0.6649999999999998,0.9451091960193729
411,62.0,0.0037750000001324224,0.6899999999999998,0.886675906987905
412,80.0,0.004382999999961612,0.5999999999999998,0.9054850534891762
413,81.0,0.0051419999999779975,0.5949999999999998,0.9060732433423473
414,23.0,0.001544000000194501,0.885,0.45303662167117364
415,58.0,0.0036760000002686866,0.7099999999999999,0.9637945471855621
416,19.0,0.0011580000000321888,0.905,0.4818972735927811
417,48.0,0.0027079999999841675,0.7599999999999999,0.4563585532302814
418,26.0,0.0014710000000377477,0.87,0.7806070712449622
419,45.0,0.0035029999999096617,0.7749999999999999,0.48433809346553547
420,36.0,0.0022810000000390573,0.82,0.4572402994093139
421,25.0,0.0015510000002905144,0.875,0.22862014970465694
422,69.0,0.004192999999759195,0.6549999999999998,0.973401445923577
423,39.0,0.002312999999958265,0.8049999999999999,0.9454959255683804
424,46.0,0.003139000000373926,0.7699999999999999,0.965647702773038
425,58.0,0.0042100000000573345,0.7099999999999999,0.9525915048301455
426,29.0,0.0016470000000481377,0.855,0.6263968442647794
427,37.0,0.002223999999841908,0.815,0.6960803554591468
428,37.0,0.0020829999998568383,0.815,0.448414239256564
429,99.0,0.006614999999783322,0.5049999999999997,0.9782243469226287
430,61.0,0.003465000000232976,0.6949999999999998,1.0038782351979723
431,57.0,0.0033040000002984016,0.7149999999999999,0.7482308800232274
432,43.0,0.002379000000019005,0.7849999999999999,0.8682511697533177
433,33.0,0.002058000000033644,0.835,0.9024080440014529
434,67.0,0.00563800000008996,0.6649999999999998,0.9446584505777234
435,38.0,0.002314999999725842,0.8099999999999999,0.9225573840231627
436,46.0,0.002787999999782187,0.7699999999999999,0.5446669763962707
437,79.0,0.004565000000184227,0.6049999999999998,0.5505670686664245
438,83.0,0.005817999999635504,0.5849999999999997,0.691236870823214
439,36.0,0.0021679999999832944,0.82,0.895175305398323
440,19.0,0.0012069999997947889,0.905,0.44758765269916156
441,26.0,0.001471999999921536,0.87,0.3428048405835702
442,68.0,0.003715999999712949,0.6599999999999998,0.7339476559508369
443,31.0,0.002426000000014028,-1.155,-0.9999335517965431
444,26.0,0.0023590000000695,0.87,0.547411753857129
445,36.0,0.0020410000001902517,0.82,0.2737058769285645
446,34.0,0.0021600000000034925,0.83,0.748601007490202
447,72.0,0.004288000000087777,0.6399999999999998,0.89644631856632
448,19.0,0.0010959999999613501,0.905,0.5335697735771127
449,67.0,0.005166999999801192,0.6649999999999998,0.8433915947729063
450,113.0,0.006557000000157132,0.4349999999999996,0.9217519657885228
451,81.0,0.004993999999896914,0.5949999999999998,0.7267956670627691
452,27.0,0.0024510000002919696,0.865,0.36339783353138455
453,110.0,0.006448999999975058,0.4499999999999996,1.010561440103729
454,23.0,0.0013460000000122818,0.885,0.6473384833823613
455,33.0,0.0019640000000435975,0.835,0.3236692416911806
456,71.0,0.005864000000201486,0.6449999999999998,0.8456608392063802
457,45.0,0.0035020000000258733,0.7749999999999999,0.9976187052474602
458,28.0,0.0018099999997502891,0.86,0.8968949318372891
459,40.0,0.0022590000003219757,0.7999999999999999,0.6971053177328443
460,44.0,0.0026130000001103326,0.7799999999999999,0.5341024591758792
461,56.0,0.005722999999761669,0.7199999999999999,0.9099721515670178
462,44.0,0.002606000000014319,0.7799999999999999,0.9392629802051284
463,28.0,0.0020850000000791624,0.86,0.7742412702517365
464,58.0,0.003356000000167114,0.7099999999999999,0.9068463148208666
465,66.0,0.004761000000144122,0.6699999999999998,1.0056964068018375
466,24.0,0.001768999999967491,0.88,0.8232128352315314
467,26.0,0.001600999999936903,0.87,0.8521819144855727
468,42.0,0.002551000000039494,0.7899999999999999,0.7549221045127721
469,120.0,0.0069939999998496205,0.3999999999999996,1.0010836544391135
470,96.0,0.00698499999998603,0.5199999999999997,0.9699710285253408
471,39.0,0.002383999999892694,0.8049999999999999,0.9454374377367202
472,18.0,0.0010529999999562278,0.91,0.47271871886836003
473,92.0,0.005724999999983993,0.5399999999999997,0.8484588241064843
474,33.0,0.0026859999998123385,0.835,0.6431032703462152
475,89.0,0.005411999999978434,0.5549999999999997,0.7108591652066167
476,128.0,0.008000999999694614,0.35999999999999954,0.9813819606341782
477,32.0,0.002089999999952852,0.84,0.6938578751468149
478,61.0,0.0037269999997988634,0.6949999999999998,0.9914567999150921
479,54.0,0.003101000000242493,0.7299999999999999,0.8255884781549063
480,18.0,0.001044999999976426,0.91,0.5805170008783491
481,41.0,0.002520999999887863,0.7949999999999999,0.942492989812093
482,17.0,0.0014869999999973516,0.915,0.47124649490604653
483,16.0,0.0016020000002754387,0.92,0.23562324745302332
484,54.0,0.004757000000154221,0.7299999999999999,0.6779964757094221
485,88.0,0.005113999999593943,0.5599999999999997,0.9901543703092258
486,54.0,0.004109999999855063,0.7299999999999999,0.9298267640862471
487,43.0,0.0024130000001605367,0.7849999999999999,0.9556428374213355
488,42.0,0.0025500000001557055,0.7899999999999999,1.0020959424543938
489,42.0,0.002528999999867665,0.7899999999999999,0.8517338849447463
490,32.0,0.0018390000000181317,0.84,0.5145669892879439
491,25.0,0.0015979999998307903,0.875,0.6800213365680331
492,31.0,0.002187000000049011,0.845,0.8776454995108096
493,66.0,0.004320000000006985,0.6699999999999998,0.8944268679186884
494,19.0,0.0013229999999566644,0.905,0.4472134339593442
495,75.0,0.004805999999916821,0.6249999999999998,0.9409987000608669
496,27.0,0.0015300000000024738,0.865,0.7416555626158431
497,47.0,0.0035240000001977023,0.7649999999999999,0.8406907582750416
498,48.0,0.0031329999997069535,0.7599999999999999,0.8258624829558885
499,48.0,0.0029079999999339634,0.7599999999999999,0.8346125027098483
500,44.0,0.0027649999997265695,0.7799999999999999,0.704051994888413
501,27.0,0.0015269999998963613,0.865,0.9225849853593922
502,59.0,0.0041169999999510765,0.7049999999999998,0.9351594551629268
503,24.0,0.001803000000109023,0.88,0.7302950636878929
504,99.0,0.005788999999822408,0.5049999999999997,0.9956028699941128
505,84.0,0.0049090000002252054,0.5799999999999997,0.9051790668268369
506,25.0,0.0020100000001548324,0.875,0.609269101036084
507,42.0,0.002997999999934109,0.7899999999999999,0.8246972526723124
508,15.0,0.0009249999998246494,0.925,0.580195045672762
509,39.0,0.0022839999996904226,0.8049999999999999,0.9240734974070737
510,31.0,0.0017490000000179862,0.845,0.46203674870353684
511,36.0,0.002246000000013737,0.82,0.7651685830286618
512,41.0,0.002632000000176049,0.7949999999999999,0.6859269148393744
513,60.0,0.003927000000203407,0.6999999999999998,0.887483375663956
514,42.0,0.002357000000301923,0.7899999999999999,0.656952028785139
515,29.0,0.0019959999999628053,0.855,0.32847601439256957
516,38.0,0.002128999999968073,0.8099999999999999,0.5719487897610772
517,68.0,0.003867999999783933,0.6599999999999998,0.5681363021155933
518,37.0,0.0036300000001574517,0.815,0.7821751259790508
519,46.0,0.0025740000000951113,0.7699999999999999,0.803000803196548
520,55.0,0.003192000000126427,0.7249999999999999,0.8407917061403698
521,27.0,0.0015400000002046,0.865,0.6506878801263096
522,42.0,0.00243399999999383,0.7899999999999999,0.9429291631086164
523,60.0,0.004690999999638734,0.6999999999999998,0.8684926970050604
524,51.0,0.003294999999980064,0.7449999999999999,0.7483461973665693
525,23.0,0.0013249999997242412,0.885,0.37417309868328474
526,66.0,0.003666999999950349,0.6699999999999998,0.8228458810458441
527,37.0,0.0020799999997507257,0.815,0.6741074075203417
528,83.0,0.005730999999741471,0.5849999999999997,0.6621596634655293
529,91.0,0.005497999999988679,0.5449999999999997,1.0085958756505562
530,81.0,0.004576999999699183,0.5949999999999998,0.9766328548365228
531,18.0,0.0012750000000778527,0.91,0.4883164274182614
532,38.0,0.003486999999950058,0.8099999999999999,0.2441582137091307
533,35.0,0.0021240000000943837,0.825,0.5499415802895726
534,132.0,0.007402000000183762,0.3399999999999995,1.010149696405279
535,90.0,0.006731000000399945,0.5499999999999997,0.974522756263284
536,32.0,0.001807000000098924,0.84,0.5667522595983223
537,32.0,0.0019929999998566927,0.84,0.7819532798189286
538,16.0,0.000984000000244123,0.92,0.3909766399094643
539,55.0,0.003054999999676511,0.7249999999999999,0.7462411595637894
540,42.0,0.0024939999998423446,0.7899999999999999,0.82453771534923
541,111.0,0.007253999999647931,0.4449999999999996,1.0093253755661726
542,37.0,0.002261999999973341,0.815,0.7897847987658217
543,62.0,0.0036199999999553256,0.6899999999999998,0.9252750334026247
544,78.0,0.005630000000110158,0.6099999999999998,0.9206606958688678
545,64.0,0.003863000000364991,0.6799999999999998,0.9647802095334679
546,31.0,0.0017900000002555316,0.845,0.48239010476673394
547,84.0,0.004950999999891792,0.5799999999999997,0.3575958827122886
548,23.0,0.0015759999996589613,0.885,0.6451968796197223
549,44.0,0.0031930000000102154,0.7799999999999999,0.8745040934233206
550,69.0,0.003815000000031432,-1.3450000000000002,-0.9620166060571624
551,28.0,0.0017520000001240987,0.86,0.9452591608232731
552,31.0,0.0019200000001546869,0.845,0.8042709851798564
553,18.0,0.0010800000000017462,0.91,0.4021354925899282
554,26.0,0.0015590000002703164,0.87,0.8806262709121102
555,41.0,0.003337999999985186,0.7949999999999999,0.4403131354560551
556,78.0,0.004587999999785097,0.6099999999999998,0.9408755005845966
557,34.0,0.0020709999998871353,0.83,0.6221644377310748
558,32.0,0.0018640000002960733,0.84,0.8536516075570697
559,45.0,0.002541000000292115,0.7749999999999999,0.9968845289441517
560,26.0,0.0019369999999980791,0.87,0.7870247638967276
561,57.0,0.004213000000163447,0.7149999999999999,0.9783663118588892
562,28.0,0.0016409999998359126,0.86,0.4891831559294446
563,117.0,0.006804000000101951,0.4149999999999996,0.9837608066754994
564,44.0,0.003062000000227272,0.7799999999999999,0.9033154134512343
565,32.0,0.003246000000217464,0.84,0.6085958562541476
566,54.0,0.0033919999996214756,0.7299999999999999,0.9456738062926598
567,53.0,0.00308900000027279,0.7349999999999999,0.7330393421901005
568,53.0,0.0033650000000307045,0.7349999999999999,0.982293892793427
569,29.0,0.0023759999999128922,0.855,0.4911469463967135
570,31.0,0.0020930000000589644,0.845,0.36131754040502984
571,19.0,0.0011089999998148414,0.905,0.5034593441102018
572,19.0,0.001130000000102882,0.905,0.251729672055101
573,95.0,0.005760999999893102,0.5249999999999997,0.9683929094206234
574,36.0,0.002207999999882304,0.82,0.9608534668351892
575,102.0,0.0069330000001173175,0.48999999999999966,0.9577697994716443
576,90.0,0.005282000000079279,0.5499999999999997,0.8995398300848096
577,77.0,0.004397000000153639,0.6149999999999998,0.9361023624846262
578,51.0,0.0037649999999302963,0.7449999999999999,0.8278194056003761
579,83.0,0.0049340000000484,0.5849999999999997,0.9168927379274022
580,31.0,0.0017520000001240987,0.845,0.45844636896370106
581,17.0,0.0010259999999107094,0.915,0.3474197949959996
582,56.0,0.003267000000050757,0.7199999999999999,0.9684505720324302
583,42.0,0.0034359999999651336,0.7899999999999999,0.868478048329051
584,50.0,0.0030010000000402215,0.7499999999999999,0.8360016703807178
585,43.0,0.0028630000001612643,0.7849999999999999,0.7044145719916589
586,51.0,0.0029409999997369596,0.7449999999999999,0.8568233459428616
587,38.0,0.0024439999997412087,0.8099999999999999,0.8712083634147455
588,61.0,0.0041530000003149325,0.6949999999999998,0.9300586510126461
589,17.0,0.0010830000001078588,0.915,0.5478550148668012
590,22.0,0.001352000000224507,0.89,0.7005333419971501
591,28.0,0.001603000000159227,0.86,0.5353408329413597
592,135.0,0.007833000000118773,0.3249999999999995,1.0079696277282073
593,44.0,0.0031340000000454893,0.7799999999999999,0.912851310951788
594,30.0,0.0016990000003715977,0.85,0.6120406992262226
595,41.0,0.0024769999999989523,0.7949999999999999,0.7489793055139515
596,210.0,0.01308100000005652,-0.0499999999999996,1.0123724911603365
597,35.0,0.002375000000029104,0.825,0.8988410064322689
598,53.0,0.0031140000000959844,0.7349999999999999,0.9235084973769411
599,58.0,0.005098000000089087,0.7099999999999999,0.6760871048353895
600,73.0,0.004321999999774562,0.6349999999999998,0.9786398965406639
601,45.0,0.002632000000176049,0.7749999999999999,0.6930158900911
602,37.0,0.002324999999927968,0.815,0.532625153440299
603,59.0,0.0035060000000157743,0.7049999999999998,0.5560614880378443
604,47.0,0.00446200000033059,0.7649999999999999,0.7802396716097596
605,102.0,0.005976999999802501,0.48999999999999966,0.9856377626791974
606,27.0,0.0016729999997551204,0.865,0.5714761373250855
607,37.0,0.0021980000001349254,0.815,0.8494550101077999
608,34.0,0.0026029999999082065,0.83,0.8230689721426084
609,63.0,0.004418999999870721,0.6849999999999998,0.8515089528145161
610,24.0,0.0015600000001541048,0.88,0.5144713931325959
611,56.0,0.0032660000001669687,0.7199999999999999,0.9425393958501035
612,39.0,0.0022570000000996515,0.8049999999999999,0.5531593314227206
613,25.0,0.0023940000000948203,0.875,0.7797744891510534
614,46.0,0.0028350000002319575,0.7699999999999999,0.8282129374796533
615,21.0,0.001257000000350672,0.895,0.4141064687398266
616,32.0,0.0020100000001548324,0.84,0.4318691249771516
617,160.0,0.01075700000001234,0.1999999999999994,1.013839859256017
618,46.0,0.002611999999771797,0.7699999999999999,0.9982001155398075
619,19.0,0.001251000000138447,0.905,0.5768151372908448
620,23.0,0.0014229999997041887,0.885,0.5696305749539525
621,55.0,0.003135999999813066,0.7249999999999999,0.9225368363553259
622,41.0,0.002579999999852589,-1.205,-0.9844576035842367
623,123.0,0.007407999999941239,0.38499999999999956,0.9176414640261517
624,107.0,0.006213999999999942,0.46499999999999964,1.015436509582361
625,41.0,0.0025279999999838765,0.7949999999999999,0.9508155870218661
626,99.0,0.006928999999672669,-1.4950000000000003,-0.4919560866907915
627,16.0,0.0010090000000673172,0.92,0.4754077935109331
628,42.0,0.00275099999998929,0.7899999999999999,0.35462840042857313
629,19.0,0.0011060000001634762,0.905,0.17731420021428657
630,31.0,0.0020049999998263957,0.845,0.3463279179723002
631,36.0,0.0034359999999651336,0.82,0.7299591247993956
632,62.0,0.003436999999848922,0.6899999999999998,0.8538335303236049
633,29.0,0.001776999999947293,0.855,0.7552885198735442
634,44.0,0.002763999999842781,0.7799999999999999,0.3776442599367722
635,74.0,0.004423000000315369,0.6299999999999998,0.9776174995755631
636,51.0,0.003505000000131986,0.7449999999999999,0.7969157832373819
637,104.0,0.006094999999731954,0.47999999999999965,0.994802143180379
638,46.0,0.0025729999997565756,0.7699999999999999,0.8855381583283235
639,20.0,0.0013619999999718857,-1.1,-0.4810083030285812
640,29.0,0.0028070000003026507,0.855,0.44276907916416175
641,50.0,0.003000999999585474,0.7499999999999999,0.717058950756219
642,29.0,0.0016849999997248233,0.855,0.8274749987340606
643,37.0,0.0023419999997713603,0.815,0.8400325293853983
644,35.0,0.0020220000001245353,0.825,0.8982134424925095
645,59.0,0.0035430000002634188,0.7049999999999998,0.9829138596356651
646,50.0,0.004023999999844818,0.7499999999999999,0.9455524076268088
647,16.0,0.0009850000001279113,0.92,0.5544398614278203
648,61.0,0.0037180000003900204,0.6949999999999998,0.8957093531345888
649,29.0,0.001653999999689404,0.855,0.4478546765672944
650,67.0,0.0037590000001728185,0.6649999999999998,0.9957864331738733
651,44.0,0.0035250000000814907,0.7799999999999999,0.7299893561280739
652,43.0,0.0024739999998928397,0.7849999999999999,0.9647543712393397
653,28.0,0.001948999999967782,0.86,0.562600695963146
654,39.0,0.002211999999872205,0.8049999999999999,0.8065215818989142
655,120.0,0.007877999999891472,0.3999999999999996,0.7641996098739947
656,49.0,0.003470999999990454,0.7549999999999999,0.4773649223828742
657,20.0,0.0011709999998856802,0.9,0.5390931433387738
658,32.0,0.0019699999998010753,0.84,0.3816946741054055
659,172.0,0.01070800000024974,0.13999999999999935,0.9733394237690272
660,21.0,0.00128599999970902,0.895,0.6913883136706593
661,28.0,0.0015789999997650739,0.86,0.5838633795056463
662,47.0,0.0029869999998481944,0.7649999999999999,0.8533235144919955
663,79.0,0.004472000000077969,0.6049999999999998,0.975402764690742
664,17.0,0.001449999999749707,0.915,0.6346374118894198
665,19.0,0.0023539999997410632,-1.095,-0.37083125110655035
666,31.0,0.0024309999998877174,0.845,0.3173187059447099
667,54.0,0.003117999999631138,0.7299999999999999,0.28744053821292836
668,67.0,0.0037489999999706924,0.6649999999999998,0.9648935741381032
669,44.0,0.0033549999998285784,0.7799999999999999,0.9724349607434479
670,40.0,0.00429100000019389,0.7999999999999999,0.677100544631831
671,74.0,0.005505000000084692,0.6299999999999998,0.9731902497653216
672,607.0,0.03920000000016444,-2.0349999999999575,1.0171586304704485
673,208.0,0.011645000000044092,-0.039999999999999813,1.0082789860192913
674,220.0,0.01368800000000192,-0.09999999999999853,0.9161919904607008
675,226.0,0.014372999999977765,-0.1299999999999979,0.9912930247194865
676,25.0,0.0014240000000427244,-1.125,-0.9998657933554876
677,94.0,0.006119000000126107,0.5299999999999997,0.9206916773147452
678,32.0,0.0018970000000990694,-1.1600000000000001,-0.9995742176810717
679,116.0,0.006729000000177621,0.4199999999999996,1.0069020402926425
680,187.0,0.013341999999738618,0.06499999999999928,1.0066295924616968
681,49.0,0.002808000000186439,0.7549999999999999,0.7016104760948522
682,122.0,0.008373000000119646,-1.6100000000000003,-0.9915162787089682
683,88.0,0.005137000000104308,-1.4400000000000004,-0.2500501975457028
684,62.0,0.0042889999999715656,-1.31,-0.9920758838965748
685,215.0,0.014400000000023283,-2.0749999999999993,-0.9827572796977607
686,115.0,0.008475999999973283,0.4249999999999996,0.9980851820724261
687,76.0,0.004471999999623222,-1.3800000000000003,-0.7291001480469013
688,43.0,0.0025669999999990978,0.7849999999999999,0.9993678509282365
689,327.0,0.022255999999742926,-0.6349999999999871,0.9475298334218343
690,215.0,0.01250499999969179,-0.07499999999999907,0.9910302792392901
691,97.0,0.006983000000218453,0.5149999999999997,1.0004850714430837
692,33.0,0.0026499999999032298,0.835,0.7473452536795647
693,40.0,0.0022830000002613815,0.7999999999999999,0.5522516360366319
694,99.0,0.006366000000070926,0.5049999999999997,0.8516454238068933
695,74.0,0.005336999999599357,0.6299999999999998,0.6540206498072866
696,38.0,0.002128999999968073,0.8099999999999999,0.6020211964942067
697,146.0,0.010980999999901542,0.26999999999999946,0.9520517813206416
698,66.0,0.004613999999946827,0.6699999999999998,0.684851676961352
699,83.0,0.00523399999974572,-1.4150000000000003,-0.7683547632369022
700,48.0,0.0044200000002092565,0.7599999999999999,0.5296758314471777
701,79.0,0.0046649999999317515,0.6049999999999998,0.8971395083226036
702,34.0,0.0019119999997201376,-1.1700000000000002,-0.9886013536058117
703,86.0,0.00634200000013152,0.5699999999999997,0.44856975416130185
704,275.0,0.019158000000061293,-0.3749999999999927,1.0165301653674699
705,31.0,0.0019190000002708985,0.845,0.5846054084676013
706,42.0,0.0024679999996806146,0.7899999999999999,0.7438057022036291
707,26.0,0.0015330000001085864,0.87,0.5509729730659503
708,51.0,0.0039000000001578883,0.7449999999999999,0.7374634738431181
709,108.0,0.007674000000406522,0.45999999999999963,0.9764348307618664
710,134.0,0.008381999999983236,0.3299999999999995,0.9523311874598733
711,45.0,0.003650999999990745,0.7749999999999999,0.8397773766366132
712,74.0,0.004513999999744556,0.6299999999999998,0.8936949735127642
713,58.0,0.003523000000313914,0.7099999999999999,0.5324004519293514
714,150.0,0.010205999999925552,0.24999999999999944,0.9812643033241054
715,121.0,0.007912000000033004,0.3949999999999996,0.7423285731356111
716,74.0,0.005985000000237051,0.6299999999999998,0.37116428656780553
717,42.0,0.0025220000002263987,0.7899999999999999,0.18558214328390277
718,93.0,0.005368000000089523,0.5349999999999997,0.9271963658066618
719,89.0,0.0074529999997139385,0.5549999999999997,0.8397283408471322
720,75.0,0.005142999999861786,0.6249999999999998,0.41986417042356616
721,29.0,0.0017410000000381842,0.855,0.43394909471040244
722,72.0,0.00608799999963594,0.6399999999999998,0.8291752500399822
723,43.0,0.00297900000032314,0.7849999999999999,0.9848725659481989
724,55.0,0.0033530000000610016,0.7249999999999999,0.6380583775936761
725,78.0,0.0047219999996741535,0.6099999999999998,0.9407282400254255
726,48.0,0.004160999999839987,0.7599999999999999,0.7986183951924589
727,39.0,0.0022810000000390573,0.8049999999999999,0.8312333932633321
728,46.0,0.002707000000100379,0.7699999999999999,0.9537109243035067
729,19.0,0.001099999999951251,0.905,0.6268012345495311
730,93.0,0.005663999999796943,0.5349999999999997,0.8113900044175233
731,169.0,0.011230000000068685,0.15499999999999936,1.0126550990817413
732,41.0,0.002314999999725842,0.7949999999999999,0.5829585052961668
733,36.0,0.002147999999579042,0.82,0.2914792526480834
734,58.0,0.0037729999999100983,0.7099999999999999,0.7797357329360399
735,123.0,0.007899999999608553,0.38499999999999956,0.9904437865051138
736,26.0,0.0015539999999418797,0.87,0.6966404220533089
737,23.0,0.0015720000001238077,0.885,0.34832021102665445
738,87.0,0.007591000000047643,0.5649999999999997,0.8362571206015948
739,171.0,0.011907999999948515,0.14499999999999935,0.9599563638510143
740,21.0,0.0015379999999822758,0.895,0.4799781819255071
741,82.0,0.005932999999913591,0.5899999999999997,0.3565708155047671
742,164.0,0.011405000000195287,0.17999999999999938,0.7984404848920117
743,217.0,0.01417700000001787,-0.08499999999999885,1.0100284146175469
744,30.0,0.0017010000001391745,0.85,0.7899407698468166
745,265.0,0.01805899999999383,-0.32499999999999374,1.0156743293390098
746,184.0,0.011741999999685504,0.0799999999999993,1.0135236288919531
747,56.0,0.0033630000002631277,0.7199999999999999,0.8822852816935682
748,184.0,0.01273799999989933,0.0799999999999993,1.0108521002823811
749,20.0,0.0018420000001242443,0.9,0.5821922308064384
750,147.0,0.00929199999973207,0.26499999999999946,0.5712816787315844
751,56.0,0.00360499999987951,0.7199999999999999,0.4886486695866742
752,160.0,0.009826999999859254,0.1999999999999994,0.9913243167018675
753,84.0,0.006200999999691703,0.5799999999999997,0.690695139805278
754,105.0,0.006457999999838648,0.47499999999999964,1.0138776178235311
755,134.0,0.010020000000167784,0.3299999999999995,1.0145314864976123
756,90.0,0.005601000000297063,0.5499999999999997,0.8920876590304194
757,124.0,0.0089309999998477,0.37999999999999956,0.8302350472744251
758,39.0,0.0024439999997412087,0.8049999999999999,0.7029094653402193
759,59.0,0.004246999999850232,0.7049999999999998,0.5896315074407906
760,63.0,0.003741999999874679,0.6849999999999998,0.5594950906066141
761,506.0,0.03359900000032212,-1.5299999999999683,1.009233840230471
762,135.0,0.008906000000024505,0.3249999999999995,0.7897644914084556
763,125.0,0.009503000000222528,0.37499999999999956,0.8150473251093131
764,149.0,0.010372000000188564,0.25499999999999945,0.9243095934592013
765,84.0,0.005988999999772204,0.5799999999999997,0.5454116654065873
766,144.0,0.00842899999997826,0.27999999999999947,0.8362308650780164
767,173.0,0.013797999999951571,0.13499999999999934,0.9614497996157957
768,67.0,0.004112000000077387,0.6649999999999998,0.7371569257474181
769,172.0,0.011908999999832304,0.13999999999999935,1.00088054544325
770,33.0,0.0019739999997909763,0.835,0.5004402727216251
771,85.0,0.00659300000006624,0.5749999999999997,0.5461787181021664
772,97.0,0.007851999999729742,0.5149999999999997,0.8065268497313671
773,101.0,0.007697999999891181,0.49499999999999966,0.8499085280107057
774,90.0,0.0055360000001201115,0.5499999999999997,0.7080443052920158
775,52.0,0.0030639999999948486,0.7399999999999999,0.9692053649815666
776,44.0,0.0028800000000046566,0.7799999999999999,0.5644923683035925
777,68.0,0.005229000000326778,0.6599999999999998,0.9885402461635787
778,125.0,0.007156000000122731,0.37499999999999956,1.0012447474801154
779,140.0,0.009112000000186526,0.2999999999999995,0.8490358822177253
780,49.0,0.002925000000232103,0.7549999999999999,0.9828450535211942
781,39.0,0.002185000000281434,0.8049999999999999,0.9424129926280393
782,152.0,0.00998200000003635,0.23999999999999944,1.0122002498731386
783,48.0,0.0028860000002168817,0.7599999999999999,0.896874315410263
784,62.0,0.0035210000000915898,0.6899999999999998,0.8574193130907071
785,40.0,0.0022770000000491564,0.7999999999999999,0.5920158899989071
786,150.0,0.00903599999992366,0.24999999999999944,0.2960079449994535
787,74.0,0.004392999999708991,0.6299999999999998,0.4834052164709771
788,30.0,0.0017050000001290755,0.85,0.8058847362614041
789,65.0,0.0051980000002913584,0.6749999999999998,0.5733990241193214
790,31.0,0.0017760000000635046,0.845,0.489413560607994
791,38.0,0.0021240000000943837,0.8099999999999999,0.5427928283137746
792,37.0,0.002122999999755848,0.815,0.2713964141568873
793,77.0,0.004359999999905995,0.6149999999999998,0.1356982070784436
794,38.0,0.003275000000030559,0.8099999999999999,0.21025182619476512
795,56.0,0.0033830000002126326,0.7199999999999999,0.24193711431920173
796,89.0,0.005079999999907159,0.5549999999999997,0.6687317306214529
797,382.0,0.025278999999954976,-0.9099999999999813,1.0155463140107643
798,37.0,0.002247999999781314,0.815,0.899208562010599
799,225.0,0.013981000000057975,-0.124999999999998,0.8704384678441518
800,573.0,0.03582300000016403,-1.8649999999999611,1.0119288079326236
801,123.0,0.008130000000164728,0.38499999999999956,0.6478324450105495
802,46.0,0.0035830000001624285,0.7699999999999999,0.6553018161412156
803,80.0,0.00524299999960931,0.5999999999999998,0.6731700554059615
804,238.0,0.01574800000025789,-0.18999999999999662,0.9987625331984853
805,125.0,0.009102999999868189,0.37499999999999956,0.5770541647957829
806,51.0,0.003121000000191998,0.7449999999999999,0.9333161410524051
807,33.0,0.00273399999969115,0.835,0.5492394481336987
808,72.0,0.004535999999916385,0.6399999999999998,0.8722788874340361
809,43.0,0.0024069999999483116,0.7849999999999999,0.43613944371701807
810,256.0,0.01714899999979025,-0.2799999999999947,1.0166305613805955
811,55.0,0.005436000000372587,0.7249999999999999,0.7046813986135116
812,41.0,0.003095000000030268,0.7949999999999999,0.7664490029644901
813,108.0,0.0063629999999648135,0.45999999999999963,0.7363059122485569
814,81.0,0.006184000000303058,0.5949999999999998,0.5482636739446803
815,24.0,0.001596999999947002,0.88,0.38559214961291577
816,95.0,0.006014000000050146,0.5249999999999997,0.8792420625744887
817,40.0,0.003087000000050466,0.7999999999999999,0.5262579647805843
818,45.0,0.0026429999998072162,0.7749999999999999,0.81172322020453
819,103.0,0.006675000000086584,0.48499999999999965,0.641762038163636
820,94.0,0.006717000000207918,0.5299999999999997,0.9779478602795498
821,88.0,0.005511999999725958,0.5599999999999997,0.6355568276708765
822,53.0,0.0030270000002019515,0.7349999999999999,0.42269173994654907
823,71.0,0.005560000000059517,0.6449999999999998,0.5223050592569196
824,60.0,0.0035289999996166443,0.6999999999999998,0.9321017173169771
825,45.0,0.003313000000161992,0.7749999999999999,0.7726525250578955
826,187.0,0.012479000000439555,0.06499999999999928,1.007207657131014
827,248.0,0.016603999999915686,-0.23999999999999555,0.9750339200990011
828,167.0,0.0112939999999071,0.16499999999999937,0.9129194391855382
829,152.0,0.009319000000232336,0.23999999999999944,0.9993232780203924
830,55.0,0.0040660000004209,0.7249999999999999,0.4996616390101962
831,62.0,0.0049319999998260755,0.6899999999999998,0.8380329924785974
832,108.0,0.006766999999854306,0.45999999999999963,0.9546112445013812
833,81.0,0.005248999999821535,0.5949999999999998,0.889521858509098
834,62.0,0.005022999999710009,0.6899999999999998,0.894420765990701
835,47.0,0.0027669999999488937,0.7649999999999999,0.9270449622888579
836,33.0,0.0018459999996593979,0.835,0.7715306705229017
837,65.0,0.0044849999999314605,0.6749999999999998,0.38576533526145074
838,204.0,0.013618999999835069,-0.02000000000000024,0.7161650120957281
839,73.0,0.005673999999999069,0.6349999999999998,0.456950218327111
840,70.0,0.00522000000000844,0.6499999999999998,0.7643532704798974
841,45.0,0.0027239999999437714,0.7749999999999999,0.47743022814038305
842,98.0,0.00802800000019488,0.5099999999999997,0.8713218524069933
843,93.0,0.006064000000151282,0.5349999999999997,0.820891311695211
844,166.0,0.012393999999858352,0.16999999999999937,0.9910304474272881
845,104.0,0.0059429999996609695,0.47999999999999965,0.9586504534324641
846,41.0,0.0031300000000555883,0.7949999999999999,0.7785424326851966
847,46.0,0.004957000000104017,0.7699999999999999,0.6315734625959806
848,47.0,0.0033049999997274426,0.7649999999999999,0.8547412523604259
849,44.0,0.003402000000278349,0.7799999999999999,0.880585973347432
850,23.0,0.0015479999997296545,0.885,0.4402929866737161
851,93.0,0.0072789999999258725,0.5349999999999997,0.7165920222145117
852,30.0,0.0020220000001245353,0.85,0.605571209375233
853,145.0,0.010062999999718159,0.27499999999999947,1.0029214601501393
854,37.0,0.002430000000003929,0.815,0.7357288424049945
855,320.0,0.02089600000044811,-0.5999999999999879,1.017063035255515
856,64.0,0.0036720000002787856,0.6799999999999998,0.5085315176277575
857,255.0,0.01717000000007829,-0.2749999999999948,1.0119743689069414
858,174.0,0.01382899999998699,0.12999999999999934,0.9165557536131093
859,127.0,0.008945000000039727,0.36499999999999955,0.7430346318548493
860,34.0,0.002106999999796244,0.83,0.7736814546343018
861,39.0,0.002449999999953434,0.8049999999999999,0.5617655886315307
862,37.0,0.0023340000002463057,0.815,0.7496038303899124
863,70.0,0.006284999999934371,0.6499999999999998,0.6226875030286849
864,121.0,0.007783999999901425,0.3949999999999996,0.9858288863585825
865,78.0,0.005628999999771622,0.6099999999999998,0.7845720402225684
866,149.0,0.009500000000116415,0.25499999999999945,0.9964029322280056
867,48.0,0.003064999999878637,0.7599999999999999,0.7462798025877444
868,42.0,0.003426000000217755,0.7899999999999999,0.680996884116856
869,88.0,0.005860000000211585,0.5599999999999997,0.7169442508152355
870,315.0,0.02155399999992369,-0.5749999999999884,1.0150896354672911
871,47.0,0.0033140000000457803,0.7649999999999999,0.7910636151362003
872,46.0,0.003386999999747786,0.7699999999999999,0.39553180756810014
873,56.0,0.004160999999839987,0.7199999999999999,0.8109214832134489
874,102.0,0.008483000000069296,0.48999999999999966,0.8046964651328633
875,112.0,0.006926000000021304,0.4399999999999996,0.7745482814591103
876,174.0,0.01242099999990387,0.12999999999999934,0.9829990272955453
877,49.0,0.003632999999808817,0.7549999999999999,0.9424239433781477
878,35.0,0.002003000000058819,0.825,0.4712119716890738
879,29.0,0.0016390000000683358,0.855,0.6704029107519583
880,89.0,0.006382999999914318,0.5549999999999997,0.9084969831747035
881,54.0,0.0029990000002726447,0.7299999999999999,0.7874548240144928
882,35.0,0.002076000000215572,0.825,0.4872483883925861
883,172.0,0.012030000000322616,0.13999999999999935,1.0113496518222649
884,73.0,0.00505799999973533,0.6349999999999998,0.5056748259111324
885,84.0,0.00500899999997273,0.5799999999999997,0.9248491355012864
886,29.0,0.003220000000055734,0.855,0.4624245677506432
887,45.0,0.0027239999999437714,0.7749999999999999,0.9086391540606209
888,169.0,0.011587999999846943,0.15499999999999936,0.9457830278267252
889,251.0,0.017021999999997206,-0.25499999999999523,1.0046524146220213
890,109.0,0.0067750000002888555,0.4549999999999996,0.9329786158140936
891,77.0,0.006812999999965541,0.6149999999999998,0.8266067084328308
892,58.0,0.003925999999864871,0.7099999999999999,0.5038879392703796
893,54.0,0.0037210000000413856,0.7299999999999999,0.617731850316451
894,207.0,0.01404099999990649,-0.03499999999999992,0.9989900069071878
895,63.0,0.0037979999997332925,0.6849999999999998,0.8674040916279993
896,63.0,0.005217999999786116,0.6849999999999998,0.8582027638143773
897,31.0,0.0020999999997002305,0.845,0.9252550513516834
898,31.0,0.0017600000001039007,0.845,0.545813485010892
899,160.0,0.011125999999876512,0.1999999999999994,0.9808850755185655
900,57.0,0.004000999999789201,0.7149999999999999,0.5694562452818169
901,23.0,0.0014790000000175496,0.885,0.4879892317529455
902,79.0,0.004483000000163884,0.6049999999999998,0.7408784121491463
903,41.0,0.0030879999999342544,0.7949999999999999,0.37043920607457315
904,59.0,0.005020999999942433,0.7049999999999998,0.9208997463442934
905,117.0,0.007765000000290456,0.4149999999999996,0.9883323654926867
906,36.0,0.002441999999973632,0.82,0.6959920838386805
907,42.0,0.003754000000299129,0.7899999999999999,0.7895213705098951
908,31.0,0.003248999999868829,0.845,0.488126670653132
909,235.0,0.015550999999959458,-0.17499999999999694,0.7113392289156909
910,35.0,0.002395999999862397,0.825,0.6897821652811152
911,43.0,0.0027200000004086178,0.7849999999999999,0.7188932887774295
912,98.0,0.007635999999820342,0.5099999999999997,0.6132574473448018
913,29.0,0.0018060000002151355,0.855,0.6462776337035879
914,62.0,0.003618000000187749,0.6899999999999998,0.9458720890638888
915,70.0,0.004305000000385917,0.6499999999999998,0.6829541252077628
916,54.0,0.0050810000002456945,0.7299999999999999,0.5289903408761936
917,102.0,0.006732999999712774,0.48999999999999966,0.7333181043018535
918,92.0,0.0056899999999586726,0.5399999999999997,0.4642402825147144
919,84.0,0.005826999999953841,0.5799999999999997,0.9604404867613331
920,64.0,0.003823000000011234,0.6799999999999998,0.6874275338257343
921,66.0,0.004619000000275264,0.6699999999999998,0.6656362580566315
922,93.0,0.006089999999858264,0.5349999999999997,0.9662096844119457
923,81.0,0.0048930000002656016,0.5949999999999998,0.48310484220597283
924,32.0,0.0019539999998414714,0.84,0.24155242110298647
925,38.0,0.0024469999998473213,0.8099999999999999,0.25523986715519587
926,63.0,0.00364499999977852,0.6849999999999998,0.8683352756900788
927,175.0,0.010273000000324828,0.12499999999999933,1.0151760716053044
928,117.0,0.008146000000124332,0.4149999999999996,0.8955503627645036
929,71.0,0.004970999999841297,0.6449999999999998,0.9828173590192005
930,74.0,0.005407000000104745,0.6299999999999998,0.9631651272412388
931,64.0,0.004261000000042259,0.6799999999999998,0.6302165653607867
932,149.0,0.009981000000152562,0.25499999999999945,0.8788201301058335
933,66.0,0.006929000000127417,0.6699999999999998,0.6543547978343964
934,147.0,0.015206000000034692,0.26499999999999946,0.9754112712668193
935,70.0,0.006374999999934516,0.6499999999999998,0.6920245003429502
936,46.0,0.0046649999999317515,0.7699999999999999,0.3460122501714751
937,41.0,0.003394000000298547,0.7949999999999999,0.6988130551622175
938,88.0,0.005744000000049709,0.5599999999999997,0.9394667696045702
939,206.0,0.013629000000037195,-0.030000000000000027,0.8493369842088825
940,86.0,0.005526999999801774,0.5699999999999997,0.8898686263263671
941,45.0,0.0043270000001029985,0.7749999999999999,0.8384774970199559
942,119.0,0.007548999999926309,0.4049999999999996,0.9710171013101498
943,28.0,0.001874000000043452,0.86,0.8467523027441577
944,68.0,0.00432299999965835,0.6599999999999998,0.753717530725533
945,54.0,0.0041129999999611755,0.7299999999999999,0.757249341347857
946,77.0,0.007618000000093161,0.6149999999999998,0.6250351527372088
947,52.0,0.0057629999996606784,0.7399999999999999,0.31251757636860433
948,230.0,0.023447000000032858,-0.14999999999999747,0.9743460772724627
949,62.0,0.004565000000184227,0.6899999999999998,0.4871730386362313
950,69.0,0.004672000000027765,0.6549999999999998,0.6133692090168739
951,67.0,0.00585399999999936,0.6649999999999998,0.9726448499964897
952,46.0,0.005455999999867345,0.7699999999999999,0.9091560639814652
953,47.0,0.0037370000000009895,0.7649999999999999,0.9107933904254528
954,32.0,0.003927000000203407,0.84,0.5396672791172441
955,59.0,0.00584900000012567,0.7049999999999998,0.6270703698269195
956,61.0,0.005335999999715568,0.6949999999999998,0.8854750554893313
957,55.0,0.0031329999997069535,0.7249999999999999,0.44273752774466557
958,126.0,0.0077780000001439475,0.36999999999999955,0.4422120950426496
959,159.0,0.011453000000074098,0.2049999999999994,0.9121258160358546
960,46.0,0.002628000000186148,0.7699999999999999,0.672591910246092
961,229.0,0.015236000000186323,-0.14499999999999758,0.8602857143808342
962,58.0,0.0035020000000258733,0.7099999999999999,0.7957920491248929
963,205.0,0.014480999999705091,-0.025000000000000133,1.0068714960982192
964,94.0,0.00599000000011074,0.5299999999999997,0.9993444102441859
965,228.0,0.014253999999709777,-0.13999999999999768,1.0096375364699044
966,68.0,0.0040480000002389716,0.6599999999999998,1.003484835501521
967,73.0,0.004177000000254338,0.6349999999999998,0.9282784746997746
968,87.0,0.006278000000293105,0.5649999999999997,0.9616573702261506
969,44.0,0.0028250000000298314,0.7799999999999999,0.6296718881390861
970,55.0,0.0030459999998129206,0.7249999999999999,0.7523041026931412
971,51.0,0.0030490000003737805,0.7449999999999999,0.7007718409094279
972,27.0,0.0027239999999437714,0.865,0.8733519923203932
973,148.0,0.008703999999852385,0.25999999999999945,0.9846581944170805
974,56.0,0.0032079999996312836,0.7199999999999999,0.9403465399978527
975,83.0,0.006300000000010186,0.5849999999999997,0.8904997910015701
976,31.0,0.0017909999996845727,0.845,0.6039662126442065
977,36.0,0.0024639999996907136,0.82,0.30198310632210323
978,158.0,0.010686000000077911,0.2099999999999994,0.9801374182635366
979,69.0,0.003903000000264001,0.6549999999999998,0.8951079118584824
980,48.0,0.002725999999711348,0.7599999999999999,0.6673663500446276
981,71.0,0.005021999999826221,0.6449999999999998,0.8437065906890154
982,97.0,0.005705000000034488,0.5149999999999997,0.587062169031296
983,78.0,0.004885999999714841,0.6099999999999998,0.9466022322352855
984,55.0,0.0037000000002080924,0.7249999999999999,0.4733011161176428
985,54.0,0.004028000000289467,0.7299999999999999,0.7016576778020951
986,65.0,0.0038259999996625993,0.6749999999999998,0.8573417073919051
987,40.0,0.002265999999963242,0.7999999999999999,0.8568318116325583
988,212.0,0.019600999999966007,-0.05999999999999939,0.9283861949580106
989,28.0,0.0030770000003030873,0.86,0.7285272216079717
990,35.0,0.004042999999910535,0.825,0.545453621950769
991,89.0,0.008180999999694905,0.5549999999999997,0.9784171085738594
992,73.0,0.006396999999651598,0.6349999999999998,0.6929474802610431
993,43.0,0.0028859999997621344,0.7849999999999999,0.44708276729736995
994,80.0,0.006526000000121712,0.5999999999999998,0.9609450493645808
995,89.0,0.005308000000241009,0.5549999999999997,0.8090912688364827
996,128.0,0.008334999999988213,0.35999999999999954,0.9932272619641581
997,91.0,0.00568699999985256,0.5449999999999997,1.0062880158338696
998,133.0,0.01051499999994121,0.3349999999999995,0.9985819256511411
999,56.0,0.00406299999986004,0.7199999999999999,0.7468485266805371
1000,72.0,0.004448000000138563,0.6399999999999998,0.37342426334026857
1001,41.0,0.0027810000001409207,0.7949999999999999,0.18671213167013434
1002,28.0,0.0035069999998995627,0.86,0.6072858655410566
1003,84.0,0.004989000000023225,0.5799999999999997,0.9448879150362836
1004,25.0,0.0015410000000883883,0.875,0.6236139224517466
1005,74.0,0.0044060000000172295,0.6299999999999998,0.8209298738744468
1006,57.0,0.006207999999787717,0.7149999999999999,0.9476535816108438
1007,61.0,0.005064999999831343,0.6949999999999998,0.9802669782008078
1008,42.0,0.0023539999997410632,0.7899999999999999,0.9265580806846293
1009,60.0,0.0047519999998257845,0.6999999999999998,0.4632790403423146
1010,52.0,0.00412400000004709,0.7399999999999999,0.7653677081468395
1011,25.0,0.001453999999739608,0.875,0.4778613641488334
1012,44.0,0.0025200000000040745,0.7799999999999999,0.6109388328766802
1013,46.0,0.0026109999998880085,0.7699999999999999,0.7014016860559038
1014,133.0,0.009583999999904336,0.3349999999999995,0.9428330238949427
1015,71.0,0.003932000000077096,0.6449999999999998,0.8265724421202555
1016,58.0,0.00367999999980384,0.7099999999999999,0.8667248041647029
1017,70.0,0.005856999999650725,0.6499999999999998,0.8300354422696326
1018,92.0,0.005367999999634776,0.5399999999999997,0.9450254114123782
1019,33.0,0.0020009999998364947,0.835,0.6236635930176109
1020,37.0,0.002963000000363536,0.815,0.7042247078933133
1021,40.0,0.00393599999961225,0.7999999999999999,0.9952888560430168
1022,109.0,0.006365000000187138,0.4549999999999996,1.0093117070742919
1023,105.0,0.007144999999582069,0.47499999999999964,0.8579900253757133
1024,91.0,0.005354999999781285,0.5449999999999997,0.8135634899388697
1025,101.0,0.00578799999993862,0.49499999999999966,0.9757221032444531
1026,135.0,0.009820000000217988,0.3249999999999995,1.0093846163137656
1027,33.0,0.0018999999997504347,0.835,0.732779445361039
1028,74.0,0.004692999999861058,0.6299999999999998,1.010053295308595
1029,54.0,0.0032999999998537533,0.7299999999999999,0.5818527386925796
1030,81.0,0.004780000000209839,0.5949999999999998,0.9672309009666856
1031,68.0,0.0037510000001930166,0.6599999999999998,0.9219421796443706
1032,33.0,0.0020799999997507257,0.835,0.7703986046389557
1033,144.0,0.009712999999919703,0.27999999999999947,0.9849514399802477
1034,48.0,0.0027079999999841675,0.7599999999999999,0.6949539283985173
1035,72.0,0.0051379999999880965,0.6399999999999998,0.9555712937184855
1036,104.0,0.005928000000039901,0.47999999999999965,0.9436739804140304
1037,34.0,0.001987000000099215,0.83,0.6822791684704657
1038,56.0,0.0033450000000811997,0.7199999999999999,0.9284084901108693
1039,31.0,0.003125000000181899,0.845,0.6420655609255382
1040,74.0,0.004696999999850959,0.6299999999999998,0.951300085654181
1041,199.0,0.013110999999753403,0.004999999999999227,0.9784949182707573
1042,222.0,0.0138200000001234,-0.10999999999999832,0.8479509111381236
1043,560.0,0.03487799999993513,-1.7999999999999625,0.8081306836959756
1044,103.0,0.0064459999998689455,0.48499999999999965,0.9468441521177742
1045,80.0,0.005481000000145286,0.5999999999999998,0.624320613097435
1046,259.0,0.016322999999829335,-0.2949999999999944,0.9961948870263572
1047,128.0,0.00744299999996656,0.35999999999999954,0.9119105895102054
1048,31.0,0.0018979999999828578,0.845,0.5401420887282639
1049,204.0,0.012608999999883963,-0.02000000000000024,0.6271942966191758
1050,62.0,0.0037729999999100983,0.6899999999999998,0.8962387479038134
1051,164.0,0.010199999999713327,0.17999999999999938,1.009284226198372
1052,86.0,0.004891000000043277,0.5699999999999997,0.9552294525312621
1053,157.0,0.013001999999687541,0.2149999999999994,0.47761472626563106
1054,60.0,0.0033349999998790736,0.6999999999999998,0.9226834055858255
1055,139.0,0.009708999999929802,0.3049999999999995,0.7990130407288807
1056,131.0,0.0074220000001332664,0.34499999999999953,0.49216063049620096
1057,175.0,0.011297000000013213,0.12499999999999933,0.5436363504613222
1058,58.0,0.0032129999999597203,0.7099999999999999,0.4786617947490417
1059,140.0,0.009971999999834225,0.2999999999999995,0.9216497970723829
1060,98.0,0.006015999999817723,0.5099999999999997,0.6703808732125256
1061,52.0,0.0044200000002092565,0.7399999999999999,0.5244482535929141
1062,60.0,0.0033189999999194697,0.6999999999999998,0.8685650468366115
1063,42.0,0.002531000000089989,0.7899999999999999,0.9859291265387538
1064,72.0,0.004061999999976251,0.6399999999999998,0.4929645632693769
1065,123.0,0.008744999999635183,0.38499999999999956,0.9176434521798799
1066,50.0,0.0031300000000555883,0.7499999999999999,0.6137718602448707
1067,58.0,0.003268999999818334,0.7099999999999999,0.41343312879049665
1068,113.0,0.009764999999788415,0.4349999999999996,0.8096079356993825
1069,40.0,0.002496999999948457,0.7999999999999999,0.4966634608586642
1070,79.0,0.004632000000128755,0.6049999999999998,0.9191286016686887
1071,21.0,0.0013509999998859712,0.895,0.5432097438956194
1072,144.0,0.009944999999788706,0.27999999999999947,1.0070268067064256
1073,143.0,0.01150900000038746,0.2849999999999995,0.998726476725628
1074,34.0,0.002252000000225962,0.83,0.8972606823361171
1075,96.0,0.006705000000238215,0.5199999999999997,0.5339158781792763
1076,44.0,0.0029589999999188876,0.7799999999999999,0.7873731970053182
1077,80.0,0.0052390000000741566,0.5999999999999998,0.8280565309286065
1078,61.0,0.0039590000001226144,0.6949999999999998,0.9851263510028456
1079,88.0,0.00819599999977072,0.5599999999999997,0.9738313626781738
1080,96.0,0.006134000000201922,0.5199999999999997,0.6845361972777723
1081,94.0,0.007278000000042084,0.5299999999999997,0.6027076729361884
1082,25.0,0.0014599999999518332,0.875,0.6435241096148948
1083,41.0,0.002547000000049593,0.7949999999999999,0.9564510979174599
1084,20.0,0.0012309999997341947,0.9,0.559071804801347
1085,106.0,0.006680999999844062,0.46999999999999964,0.960789522818242
1086,78.0,0.004562000000078115,0.6099999999999998,0.8451129390776059
1087,86.0,0.004842000000280677,0.5699999999999997,0.511753087294409
1088,243.0,0.015321000000312779,-0.21499999999999608,1.0046732883667746
1089,55.0,0.0033410000000912987,0.7249999999999999,0.9650307322289903
1090,86.0,0.006323999999949592,0.5699999999999997,0.9513361626613674
1091,23.0,0.0014850000002297747,0.885,0.6846319373067886
1092,30.0,0.0017640000000938016,0.85,0.8976780065777702
1093,65.0,0.0036340000001473527,0.6749999999999998,0.9513891284320086
1094,32.0,0.0019019999999727588,0.84,0.8210121021176702
1095,41.0,0.0044240000001991575,0.7949999999999999,0.9287186573997668
1096,112.0,0.009101000000100612,0.4399999999999996,0.9965209246215564
1097,179.0,0.016344000000117376,0.10499999999999932,0.9955519728276179
1098,134.0,0.011520000000018626,0.3299999999999995,0.7324238961158249
1099,21.0,0.001216999999996915,0.895,0.4638602440356522
1100,62.0,0.0038660000000163564,0.6899999999999998,0.5028898289773824
1101,66.0,0.00513299999965966,0.6699999999999998,0.804174764915913
1102,94.0,0.006080999999994674,0.5299999999999997,0.898169169846547
1103,28.0,0.0016239999999925203,0.86,0.4490845849232735
1104,114.0,0.008766999999807013,0.4299999999999996,0.9838119860569818
1105,177.0,0.011524000000008527,0.11499999999999932,0.9203158682803929
1106,65.0,0.003757999999834283,0.6749999999999998,0.9758433338714623
1107,58.0,0.0035330000000612927,0.7099999999999999,0.872977096841257
1108,43.0,0.0023820000001251174,0.7849999999999999,0.6605708066584008
1109,40.0,0.00263600000016595,0.7999999999999999,0.7124126712743089
1110,64.0,0.005370999999740889,0.6799999999999998,0.35620633563715454
1111,61.0,0.003470999999990454,0.6949999999999998,0.5018898847961661
1112,41.0,0.0023960000003171444,0.7949999999999999,0.6772088872629735
1113,74.0,0.005992000000333064,0.6299999999999998,0.7708484359830556
1114,33.0,0.002793999999994412,0.835,0.9114770808809858
1115,40.0,0.0022490000001198496,0.7999999999999999,0.9493167419418345
1116,33.0,0.0020789999998669373,0.835,0.8798982953039455
1117,45.0,0.0031049999997776467,0.7749999999999999,0.8599050398741791
1118,54.0,0.0029950000002827437,0.7299999999999999,0.9081144673423958
1119,219.0,0.013958999999886146,-0.09499999999999864,1.0136396212738923
1120,40.0,0.0028459999998631247,0.7999999999999999,0.7907419256357945
1121,80.0,0.0052690000002257875,0.5999999999999998,0.9106833405905422
1122,220.0,0.014199000000189699,-0.09999999999999853,0.9998863885585609
1123,114.0,0.006802999999763415,0.4299999999999996,0.9370158574757198
1124,24.0,0.0013699999999516876,0.88,0.46850792873785985
1125,56.0,0.003420999999889318,0.7199999999999999,0.7662058390552353
1126,110.0,0.006998000000294269,0.4499999999999996,0.7728783984508607
1127,34.0,0.0019210000000384753,0.83,0.4810534075280424
1128,43.0,0.0023980000000847213,0.7849999999999999,0.2405267037640212
1129,36.0,0.0023099999998521525,0.82,0.2548039372861357
1130,144.0,0.009679000000232918,0.27999999999999947,0.9169832370881772
1131,113.0,0.006379000000379165,0.4349999999999996,1.0022572760597985
1132,74.0,0.005040000000008149,0.6299999999999998,0.8998719474988552
1133,120.0,0.006906000000071799,0.3999999999999996,0.9090431686246653
1134,32.0,0.001807000000098924,0.84,0.9064234942412849
1135,190.0,0.012420000000020082,0.04999999999999927,1.0044246541513917
1136,60.0,0.00358200000027864,0.6999999999999998,0.9937174073166303
1137,43.0,0.0033200000002580055,0.7849999999999999,0.7749822937116535
1138,126.0,0.007567000000108237,0.36999999999999955,0.9574863959507316
1139,78.0,0.004625000000032742,0.6099999999999998,0.8003250714560775
1140,156.0,0.009971000000405184,0.21999999999999942,0.9723014722966417
1141,96.0,0.005298000000038883,0.5199999999999997,1.003607212529929
1142,50.0,0.005008000000088941,0.7499999999999999,0.5791131535116463
1143,42.0,0.0027240000003985188,0.7899999999999999,0.8739461066415343
1144,52.0,0.0030679999999847496,0.7399999999999999,0.7189349010395718
1145,92.0,0.005366999999750988,0.5399999999999997,0.9954158010293542
1146,43.0,0.0035849999999300053,0.7849999999999999,0.49770790051467717
1147,39.0,0.002664000000095257,0.8049999999999999,0.24885395025733859
1148,54.0,0.003161999999974796,0.7299999999999999,0.4689259929604763
1149,64.0,0.003548000000137108,0.6799999999999998,0.8707168657624954
1150,31.0,0.0018420000001242443,0.845,0.5226347561354872
1151,52.0,0.0036740000000463624,0.7399999999999999,0.5529938116654354
1152,68.0,0.003940999999940686,0.6599999999999998,0.6305486364674118
1153,87.0,0.005012999999962631,0.5649999999999997,0.9358257597810077
1154,32.0,0.0020269999999982247,0.84,0.6798692742223381
1155,125.0,0.008954999999787105,0.37499999999999956,0.3399346371111691
1156,36.0,0.0020839999997406267,0.82,0.6976669707512922
1157,50.0,0.0029549999999289867,0.7499999999999999,0.9581053132141382
1158,26.0,0.0016200000000026193,0.87,0.6283887075434966
1159,58.0,0.004672000000027765,0.7099999999999999,0.9221574780114902
1160,24.0,0.0014059999998607964,0.88,0.61540255207654
1161,150.0,0.008584999999584397,0.24999999999999944,0.8749152470928214
1162,51.0,0.004472999999961758,0.7449999999999999,0.5244190682008757
1163,57.0,0.003267000000050757,0.7149999999999999,0.2622095341004378
1164,155.0,0.009061000000201602,0.22499999999999942,0.9915372722441601
1165,45.0,0.003819000000021333,0.7749999999999999,0.6969761905180548
1166,50.0,0.002820000000156142,0.7499999999999999,0.6190342748000728
1167,181.0,0.011625999999978376,0.09499999999999931,0.7261960354541699
1168,78.0,0.004453999999896041,0.6099999999999998,0.7705061203961412
1169,52.0,0.003260999999838532,0.7399999999999999,0.3852530601980706
1170,38.0,0.0022599999997510167,0.8099999999999999,0.4214458311414422
1171,30.0,0.0018460000001141452,0.85,0.3316945664215396
1172,123.0,0.008581999999933032,0.38499999999999956,1.0002795110766836
1173,58.0,0.003351999999722466,0.7099999999999999,0.8037441624766184
1174,78.0,0.004961000000093918,0.6099999999999998,0.9763692389357908
1175,30.0,0.0023559999999633874,0.85,0.8730487489148068
1176,110.0,0.006434999999783031,0.4499999999999996,0.9642161407548034
1177,79.0,0.00465200000007826,0.6049999999999998,0.48210807037740167
1178,153.0,0.010327999999844906,0.23499999999999943,0.9891670852769225
1179,73.0,0.0041619999997237755,0.6349999999999998,0.5729760994291186
1180,79.0,0.005540999999993801,0.6049999999999998,0.9701197235719591
1181,130.0,0.0077519999999822176,0.34999999999999953,0.9480849683881705
1182,125.0,0.008077999999841268,0.37499999999999956,0.9615865972091665
1183,111.0,0.0064070000003084715,0.4449999999999996,1.0109909454047303
1184,88.0,0.005402000000231055,0.5599999999999997,0.913386382514781
1185,126.0,0.008941000000049826,0.36999999999999955,0.9313366429647721
1186,111.0,0.0062940000002527086,0.4449999999999996,1.0083077801200329
1187,61.0,0.004827000000204862,0.6949999999999998,0.9183412579076267
1188,43.0,0.0024130000001605367,0.7849999999999999,0.542875122797168
1189,19.0,0.0011979999999311985,0.905,0.383302015375223
1190,104.0,0.005760000000009313,0.47999999999999965,0.917223110457482
1191,44.0,0.002504999999928259,0.7799999999999999,0.9215768344080593
1192,83.0,0.006737000000157423,0.5849999999999997,0.8013543052463342
1193,189.0,0.012200000000120781,0.05499999999999927,1.0069521021844186
1194,153.0,0.009600000000318687,0.23499999999999943,0.994587652992392
1195,165.0,0.011727000000064436,0.17499999999999938,1.0066767963835341
1196,69.0,0.0038789999998698477,0.6549999999999998,0.972218573903395
1197,90.0,0.0066940000001523,0.5499999999999997,0.6910441427087937
1198,47.0,0.002646000000368076,0.7649999999999999,0.877155937940405
1199,78.0,0.004412999999658496,0.6099999999999998,0.7989733474468816
1200,160.0,0.010573000000022148,0.1999999999999994,0.9230563213091754
1201,54.0,0.0033020000000760774,0.7299999999999999,0.8390647391419527
1202,80.0,0.004437999999936437,0.5999999999999998,0.9620658121687624
1203,47.0,0.0038519999998243293,0.7649999999999999,0.7793001390928911
1204,50.0,0.003092999999807944,0.7499999999999999,0.48378264730090526
1205,179.0,0.010909000000083324,0.10499999999999932,0.9908506097370494
1206,21.0,0.001772999999957392,0.895,0.6967653422119652
1207,56.0,0.0035629999997581763,0.7199999999999999,0.7587577227620623
1208,112.0,0.006522000000131811,-1.5600000000000005,-0.9257589647305207
1209,40.0,0.002590000000054715,0.7999999999999999,0.812729555976491
1210,37.0,0.003230999999686901,0.815,0.786824158071301
1211,89.0,0.00509299999976065,0.5549999999999997,0.9314416238784318
1212,61.0,0.003565999999864289,0.6949999999999998,0.5484427783347601
1213,47.0,0.0029549999999289867,0.7649999999999999,0.892868038798092
1214,35.0,0.003971000000092317,0.825,0.5320490046756157
1215,131.0,0.007581000000300264,0.34499999999999953,0.8780719551358636
1216,99.0,0.007909000000381639,0.5049999999999997,0.5994766569377199
1217,60.0,0.0037809999998899,0.6999999999999998,0.5765890778305212
1218,46.0,0.0028670000001511653,0.7699999999999999,0.9839628741875304
1219,54.0,0.003004000000146334,0.7299999999999999,0.4919814370937652
1220,22.0,0.0013770000000477012,0.89,0.46000145729501185
1221,73.0,0.004687999999987369,0.6349999999999998,0.9230037346260561
1222,38.0,0.002322000000276603,0.8099999999999999,0.727122382641143
1223,56.0,0.0037040000001979934,0.7199999999999999,0.7178044252586824
1224,23.0,0.001326000000062777,0.885,0.3589022126293412
1225,47.0,0.0026750000001811713,0.7649999999999999,0.8231636112321773
1226,37.0,0.0036039999999957217,0.815,0.5024246229601019
1227,102.0,0.006610999999793421,0.48999999999999966,0.9004403121638604
1228,73.0,0.005203000000165048,0.6349999999999998,0.8033641926768853
1229,102.0,0.0093139999999039,0.48999999999999966,0.9009370421863889
1230,46.0,0.0029850000000806176,0.7699999999999999,0.8221052593121888
1231,20.0,0.0011589999999159772,0.9,0.41105262965609435
1232,47.0,0.00363100000004124,0.7649999999999999,0.9395659486875765
1233,113.0,0.006878000000142492,0.4349999999999996,0.6810177459784613
1234,20.0,0.001243999999587686,0.9,0.5282908238796084
1235,330.0,0.020846999999776017,-0.6499999999999868,1.015935877482083
1236,117.0,0.007901999999830878,0.4149999999999996,0.8807137429815084
1237,86.0,0.004967999999735184,0.5699999999999997,0.600431002796959
1238,42.0,0.0023479999999835854,0.7899999999999999,0.7467900098215265
1239,29.0,0.002280000000155269,0.855,0.7113830061123128
1240,37.0,0.0021600000000034925,0.815,0.4549178657841595
1241,108.0,0.006056999999600521,0.45999999999999963,0.44661224215941675
1242,86.0,0.005363000000215834,0.5699999999999997,0.6649453954127723
1243,38.0,0.003072999999858439,0.8099999999999999,0.9512367630757386
1244,107.0,0.00606500000003507,0.46499999999999964,0.9404175872024179
1245,37.0,0.0020730000001094595,0.815,0.9095119042258006
1246,130.0,0.008308999999826483,0.34999999999999953,0.9970184952409714
1247,90.0,0.00659799999993993,0.5499999999999997,0.49850924762048565
1248,34.0,0.0020850000000791624,0.83,0.24925462381024288
1249,80.0,0.006513999999697262,0.5999999999999998,0.7869394034704724
1250,168.0,0.01163300000007439,0.15999999999999936,0.9479325222187426
1251,29.0,0.0039050000000315777,0.855,0.47396626110937123
1252,56.0,0.0032639999999446445,0.7199999999999999,0.35401574915790945
1253,204.0,0.012960999999904743,-0.02000000000000024,1.001675407350101
1254,73.0,0.00417299999980969,0.6349999999999998,1.0118544217448278
1255,159.0,0.010807000000113476,0.2049999999999994,1.0035244068442597
1256,107.0,0.006162000000131229,0.46499999999999964,0.6962599730784755
1257,177.0,0.012103000000024622,0.11499999999999932,1.0151218055884703
1258,95.0,0.005474000000049273,0.5249999999999997,0.738062556419772
1259,72.0,0.0050409999998919375,0.6399999999999998,0.5488982616515319
1260,72.0,0.0042440000001988665,0.6399999999999998,0.8128236752343937
1261,121.0,0.007337999999890599,0.3949999999999996,0.965643711053704
1262,78.0,0.005984999999782303,0.6099999999999998,0.9613299487601192
1263,16.0,0.0009509999999863794,0.92,0.6295536071344822
1264,91.0,0.005429999999705615,0.5449999999999997,0.509699403722221
1265,60.0,0.0033669999997982814,0.6999999999999998,0.7296803205000669
1266,87.0,0.0056899999999586726,0.5649999999999997,0.5458701789255385
1267,120.0,0.007223000000067259,0.3999999999999996,0.6909650405819909
1268,89.0,0.0050670000000536675,0.5549999999999997,0.953386063405098
1269,32.0,0.0028600000000551518,0.84,0.5577691651335932
1270,112.0,0.006705000000238215,0.4399999999999996,0.9099147364356003
1271,40.0,0.0022469999998975254,0.7999999999999999,0.6109798616822498
1272,116.0,0.008824000000004162,0.4199999999999996,0.9469898161963746
1273,35.0,0.0023400000000037835,0.825,0.7759554893408025
1274,27.0,0.0016830000004119938,0.865,0.6307791093052926
1275,40.0,0.0022990000002209854,0.7999999999999999,0.8263606543350335
1276,71.0,0.005357000000003609,0.6449999999999998,0.9312836846757205
1277,67.0,0.004054999999880238,0.6649999999999998,0.9977902425281433
1278,42.0,0.0025340000001961016,0.7899999999999999,0.8971522584832035
1279,41.0,0.0023900000001049193,0.7949999999999999,0.9134535345033483
1280,41.0,0.002514999999675638,0.7949999999999999,0.7834878014191378
1281,46.0,0.0034459999997125124,0.7699999999999999,0.48556240378956017
1282,111.0,0.0064459999998689455,0.4449999999999996,0.719701527465282
1283,39.0,0.0022149999999783176,0.8049999999999999,0.359850763732641
1284,115.0,0.008543000000372558,0.4249999999999996,0.5583043683267231
1285,27.0,0.0025189999996655388,0.865,0.6897245902851994
1286,131.0,0.007307000000309927,0.34499999999999953,0.9838890435732646
1287,42.0,0.003276999999798136,0.7899999999999999,0.8488155276297745
1288,64.0,0.003988999999819498,0.6799999999999998,0.6531516948124001
1289,216.0,0.014415000000099099,-0.07999999999999896,0.7531781120985763
1290,124.0,0.007216999999855034,0.37999999999999956,1.0053894283260145
1291,94.0,0.006393000000116444,0.5299999999999997,0.5026947141630073
1292,288.0,0.0175560000002406,-0.4399999999999913,1.0169340620130194
1293,153.0,0.00869299999976647,0.23499999999999943,0.9563066458199316
1294,75.0,0.004891000000043277,0.6249999999999998,0.6861581862916651
1295,44.0,0.003317000000151893,0.7799999999999999,0.9150839324372854
1296,29.0,0.0016479999999319261,0.855,0.7562601975769458
1297,143.0,0.008405999999922642,0.2849999999999995,0.9805173276199722
1298,32.0,0.003220000000055734,0.84,0.7421336101425331
1299,69.0,0.004762999999911699,0.6549999999999998,0.4679868724970033
1300,123.0,0.007747999999992317,0.38499999999999956,0.9846782648268415
1301,75.0,0.005054999999629217,0.6249999999999998,0.9425433722266979
1302,56.0,0.003276999999798136,0.7199999999999999,0.471271686113349
1303,66.0,0.003903000000264001,0.6699999999999998,0.9739761376054121
1304,29.0,0.0019019999999727588,0.855,0.8860939354827384
1305,31.0,0.0028600000000551518,0.845,0.762445576449799
1306,59.0,0.003549999999904685,0.7049999999999998,0.9943762741316221
1307,67.0,0.0038079999999354186,0.6649999999999998,0.5751900046923659
1308,216.0,0.013558000000102766,-0.07999999999999896,1.003297929300611
1309,36.0,0.0020269999999982247,0.82,0.7005874472754513
1310,48.0,0.002919000000019878,0.7599999999999999,0.7656769870824194
1311,63.0,0.005114999999932479,0.6849999999999998,0.9418757701217406
1312,35.0,0.0019800000000032014,0.825,0.7034661881461431
1313,35.0,0.0022890000000188593,0.825,0.7422957944773516
1314,30.0,0.0017790000001696171,0.85,0.730543576903942
1315,131.0,0.00859600000012506,0.34499999999999953,0.5461820303014382
1316,174.0,0.009841000000051281,0.12999999999999934,0.9987967120421335
1317,57.0,0.0034200000000055297,0.7149999999999999,0.7469045865997936
1318,67.0,0.005239999999957945,0.6649999999999998,0.3734522932998968
1319,46.0,0.0027689999997164705,0.7699999999999999,0.31129731283888273
1320,179.0,0.012461000000257627,0.10499999999999932,0.9999181615006368
1321,163.0,0.009362000000237458,0.1849999999999994,0.9213796074115842
1322,30.0,0.002269999999953143,0.85,0.9685870229339696
1323,33.0,0.002490999999736232,0.835,0.5642295729333636
1324,59.0,0.0032639999999446445,0.7049999999999998,0.5657660200984334
1325,173.0,0.011029999999664142,0.13499999999999934,0.998635523853939
1326,29.0,0.0017090000001189765,0.855,0.4993177619269694
1327,126.0,0.00746900000012829,0.36999999999999955,0.7787786658953373
1328,100.0,0.006778999999824009,0.49999999999999967,0.9755915977942061
1329,144.0,0.008397000000059052,0.27999999999999947,0.8719338693572094
1330,72.0,0.004118999999718653,0.6399999999999998,0.8936412174125317
1331,67.0,0.004879999999957363,0.6649999999999998,0.9683691028156206
1332,28.0,0.0020490000001700537,0.86,0.5641369568830653
1333,127.0,0.007215999999971245,0.36499999999999955,0.9784190986275976
1334,103.0,0.008006999999906839,0.48499999999999965,0.971969587650059
1335,87.0,0.004993999999896914,0.5649999999999997,0.8406736263172662
1336,47.0,0.002793999999994412,0.7649999999999999,0.420336813158633
1337,197.0,0.012244000000009692,0.014999999999999236,0.9732133470117381
1338,26.0,0.001603000000159227,0.87,0.48660667350586906
1339,87.0,0.006394000000000233,0.5649999999999997,0.9107015358054537
1340,119.0,0.00769399999990128,0.4049999999999996,0.6112640929546094
1341,141.0,0.009855999999672349,0.2949999999999995,0.9325071523859987
1342,30.0,0.0018739999995887047,0.85,0.8405795990961757
1343,97.0,0.005547000000206026,0.5149999999999997,0.5098264178023013
1344,50.0,0.003913999999895168,0.7499999999999999,0.8941190668211629
1345,17.0,0.0013299999995979306,0.915,0.44705953341058147
1346,25.0,0.0015680000001339067,0.875,0.529787494837469
1347,114.0,0.006653999999798543,0.4299999999999996,0.2648937474187345
1348,91.0,0.006487000000106491,0.5449999999999997,0.4738512131763476
1349,22.0,0.0015490000000681903,0.89,0.35396685378637427
1350,85.0,0.004914999999982683,0.5749999999999997,0.9313384909806202
1351,84.0,0.0049359999998159765,0.5799999999999997,0.9840492932459355
1352,43.0,0.0034299999997529085,0.7849999999999999,0.9567078657537178
1353,99.0,0.006315000000086002,0.5049999999999997,0.9462706593045754
1354,131.0,0.007708999999977095,0.34499999999999953,0.9103982051854527
1355,55.0,0.003877000000102271,0.7249999999999999,0.8541657144521936
1356,225.0,0.014618000000155007,-0.124999999999998,1.0167355882145737
1357,201.0,0.011564000000362284,-0.0050000000000005596,1.0115339880020195
1358,25.0,0.0019259999999121646,0.875,0.7902747853013412
1359,147.0,0.008756000000175845,0.26499999999999946,0.9131025150349705
1360,27.0,0.0016310000000885339,0.865,0.6121314467012723
1361,21.0,0.0012070000002495362,0.895,0.5034056482657239
1362,88.0,0.006481000000349013,0.5599999999999997,0.9810869385244422
1363,118.0,0.0069630000002689485,0.4099999999999996,0.742282280368634
1364,31.0,0.0018460000001141452,0.845,0.468050057343096
1365,81.0,0.005791999999928521,0.5949999999999998,0.7218263050935745
1366,89.0,0.005184000000099331,0.5549999999999997,0.9399415258755703
1367,83.0,0.004821999999876425,0.5849999999999997,0.996264156553162
1368,45.0,0.0026720000000750588,0.7749999999999999,0.6421735896997189
1369,57.0,0.0037699999998039857,0.7149999999999999,0.8168485493355488
1370,294.0,0.01794000000018059,-0.46999999999999065,1.0113030875512805
1371,32.0,0.001968999999917287,0.84,0.9646288616950329
1372,174.0,0.011762999999973545,0.12999999999999934,0.6887136267038134
1373,82.0,0.0046950000000833825,0.5899999999999997,0.994989292508405
1374,39.0,0.0021759999999630963,0.8049999999999999,0.7807798907817527
1375,53.0,0.0032599999999547435,0.7349999999999999,0.4844115417686715
1376,68.0,0.004867000000103872,0.6599999999999998,0.2422057708843357
1377,21.0,0.0012119999996684783,0.895,0.4668845863817538
1378,158.0,0.00932600000032835,0.2099999999999994,0.8499437659594452
1379,57.0,0.004460999999992055,0.7149999999999999,0.9798230069644785
1380,170.0,0.009809000000132073,0.14999999999999936,0.9274779991834754
1381,197.0,0.011938000000100146,0.014999999999999236,0.6173245903499196
1382,35.0,0.0019659999998111743,0.825,0.3086622951749598
1383,75.0,0.004426999999850523,0.6249999999999998,0.5667773471274086
1384,50.0,0.004019999999854917,0.7499999999999999,0.3934604607155753
1385,203.0,0.01196799999979703,-0.015000000000000346,0.8997450445026794
1386,29.0,0.002720999999837659,0.855,0.721051791835535
1387,21.0,0.0015690000000176951,0.895,0.5427531229454763
1388,131.0,0.007366999999703694,0.34499999999999953,0.9606171216827877
1389,24.0,0.001370999999835476,0.88,0.48030856084139384
1390,59.0,0.005045000000336586,0.7049999999999998,0.684824691136581
1391,111.0,0.006532000000333937,0.4449999999999996,0.6027962585817088
1392,91.0,0.0051239999997960695,0.5449999999999997,0.8762774052433379
1393,27.0,0.0022679999997308187,0.865,0.7149266646524742
1394,146.0,0.00889099999994869,0.26999999999999946,0.8814913960350491
1395,36.0,0.00233299999990777,0.82,0.899234517824741
1396,82.0,0.006069000000024971,0.5899999999999997,0.8917335664091635
1397,51.0,0.0028800000000046566,0.7449999999999999,0.9068398655019897
1398,33.0,0.0020979999999326537,0.835,0.8364654270494981
1399,22.0,0.0012780000001839653,0.89,0.5844462986665204
1400,45.0,0.002547000000049593,0.7749999999999999,0.7847894315811376
1401,59.0,0.0037999999999556167,0.7049999999999998,0.9126435465928086
1402,37.0,0.002658000000337779,0.815,0.8914509018862098
1403,62.0,0.004545000000234722,0.6899999999999998,0.9688697405587396
1404,90.0,0.0063070000001062,0.5499999999999997,0.8306581156264385
1405,83.0,0.007955999999921914,0.5849999999999997,0.9725109730252991
1406,76.0,0.004398999999921216,0.6199999999999998,0.9525801148222915
1407,123.0,0.009862999999768363,0.38499999999999956,0.897691967842245
1408,75.0,0.0045110000000931905,0.6249999999999998,0.6681598167351418
1409,88.0,0.005186999999750697,0.5599999999999997,0.9740865032961495
1410,40.0,0.00357899999971778,0.7999999999999999,0.7916931367202102
1411,24.0,0.0013760000001639128,0.88,0.7415025084922106
1412,98.0,0.006410999999843625,0.5099999999999997,0.9829972504624701
1413,109.0,0.008315000000038708,0.4549999999999996,0.8739517840852417
1414,62.0,0.0035870000001523294,0.6899999999999998,0.4369758920426208
1415,82.0,0.0050930000002153974,0.5899999999999997,0.8468152742821284
1416,42.0,0.002652000000125554,0.7899999999999999,0.6525374920188385
1417,141.0,0.008730999999897904,0.2949999999999995,0.9980427776233879
1418,51.0,0.0028630000001612643,0.7449999999999999,0.950465465572371
1419,20.0,0.001150000000052387,0.9,0.6256288125829081
1420,35.0,0.002197999999680178,0.825,0.7963386808267156
1421,153.0,0.009360999999898922,0.23499999999999943,0.9645548353270376
1422,24.0,0.0013899999999011925,0.88,0.7826067055124013
1423,84.0,0.006352000000333646,0.5799999999999997,0.8927644889322168
1424,51.0,0.003724000000147498,0.7449999999999999,0.9048210665573327
1425,62.0,0.003648999999768421,0.6899999999999998,0.7964549518364773
1426,17.0,0.0011330000002089946,0.915,0.5699925144958167
1427,22.0,0.0012660000002142624,0.89,0.4881829590065029
1428,103.0,0.006765000000086729,0.48499999999999965,0.9855052197309222
1429,97.0,0.005747000000155822,0.5149999999999997,0.8255274323569723
1430,91.0,0.005165000000033615,0.5449999999999997,0.9066808175799903
1431,60.0,0.005019000000174856,0.6999999999999998,0.9648334420803865
1432,57.0,0.003495000000384607,0.7149999999999999,0.6308192440964288
1433,93.0,0.005196999999952823,0.5349999999999997,0.42067826692740873
1434,185.0,0.01156200000013996,0.07499999999999929,1.0003773652514476
1435,66.0,0.003675999999813939,0.6699999999999998,0.9632663878815475
1436,17.0,0.0010259999999107094,0.915,0.48163319394077375
1437,144.0,0.009791999999833934,0.27999999999999947,0.5910198736771551
1438,59.0,0.0034889999997176346,0.7049999999999998,0.6789428463024656
1439,21.0,0.0012149999997745908,0.895,0.5275412663716549
1440,245.0,0.015771000000313506,-0.22499999999999587,1.0139863163299734
1441,69.0,0.005182999999760796,0.6549999999999998,0.7470206472411122
1442,44.0,0.0024659999999130378,0.7799999999999999,0.37351032362055614
1443,35.0,0.0021070000002509914,0.825,0.8537071393087465
1444,75.0,0.004284000000097876,0.6249999999999998,0.955214823949643
1445,174.0,0.011731999999938125,0.12999999999999934,1.0059444403417233
1446,76.0,0.004453000000012253,0.6199999999999998,0.8873175560879004
1447,193.0,0.013616000000183703,0.034999999999999254,1.0138401076864623
1448,28.0,0.0016600000003563764,0.86,0.6485229020466237
1449,95.0,0.007869000000027881,0.5249999999999997,1.007071107721487
1450,133.0,0.007709999999860884,0.3349999999999995,1.0131433487764512
1451,82.0,0.00597799999968629,0.5899999999999997,0.5831660114164183
1452,31.0,0.002073999999993248,0.845,0.4929418847690703
1453,36.0,0.002062000000023545,0.82,0.9136602903731132
1454,97.0,0.005406999999649997,0.5149999999999997,0.7246837144928616
1455,86.0,0.006216000000222266,0.5699999999999997,0.7536828526095234
1456,129.0,0.0072930000001179,0.35499999999999954,0.9902755237741099
1457,85.0,0.0051909999997405976,0.5749999999999997,0.9732303088244522
1458,52.0,0.004254999999830034,0.7399999999999999,0.9057804827544924
1459,21.0,0.0012569999998959247,0.895,0.6094863625399496
1460,55.0,0.003290999999990163,0.7249999999999999,0.3047431812699748
1461,59.0,0.0034439999999449356,0.7049999999999998,0.1523715906349874
1462,64.0,0.004732000000331027,0.6799999999999998,0.9050198195073085
1463,123.0,0.009390000000166765,0.38499999999999956,0.5372135114770327
1464,27.0,0.0015379999999822758,0.865,0.8132158615402326
1465,29.0,0.0016730000002098677,0.855,0.6894085064255645
1466,56.0,0.004111000000193599,0.7199999999999999,0.3447042532127822
1467,39.0,0.0023740000001453154,0.8049999999999999,0.7774569485427499
1468,39.0,0.0023050000004332105,0.8049999999999999,0.4829992913170954
1469,48.0,0.0027850000001308217,0.7599999999999999,0.7280254794034567
1470,55.0,0.0033899999998538988,0.7249999999999999,0.7064777278638135
1471,23.0,0.0022750000002815796,0.885,0.3532388639319066
1472,40.0,0.0030799999999544525,0.7999999999999999,0.30270660535748695
1473,31.0,0.002690000000256987,0.845,0.8166556837567589
1474,25.0,0.001599000000169326,0.875,0.7397980953289454
1475,75.0,0.004347999999936292,0.6249999999999998,0.46699427870122845
1476,30.0,0.003020000000105938,0.85,0.5359087075632785
1477,41.0,0.002344999999877473,0.7949999999999999,0.6146695214451765
1478,62.0,0.003658999999970547,0.6899999999999998,0.8237688759520578
1479,63.0,0.004781999999977415,0.6849999999999998,0.4118844379760289
1480,140.0,0.01075200000013865,0.2999999999999995,0.9708602498647735
1481,23.0,0.0014240000000427244,0.885,0.7396130826700584
1482,54.0,0.00307699999984834,0.7299999999999999,0.840791844251267
1483,95.0,0.006957000000056723,0.5249999999999997,0.8789705136930813
1484,81.0,0.004863000000113971,0.5949999999999998,0.9937128299987853
1485,68.0,0.004179000000021915,0.6599999999999998,0.9649598595998161
1486,57.0,0.003432999999859021,0.7149999999999999,0.7168212460215547
1487,30.0,0.001930999999785854,0.85,0.724891980662254
1488,44.0,0.0029300000001057924,0.7799999999999999,0.7702602085795814
1489,79.0,0.004629000000022643,0.6049999999999998,0.9497458755058674
1490,30.0,0.001686000000063359,0.85,0.5562220852764203
1491,63.0,0.004985000000033324,0.6849999999999998,0.27811104263821007
1492,47.0,0.0026910000001407752,0.7649999999999999,0.13905552131910504
1493,64.0,0.0038779999999860593,0.6799999999999998,0.33250697022141595
1494,52.0,0.0028710000001410663,0.7399999999999999,0.6396308377411983
1495,101.0,0.007490999999845371,0.49499999999999966,0.7643106196998127
1496,103.0,0.006690000000162399,0.48499999999999965,0.9819185464497905
1497,62.0,0.0036949999998796557,0.6899999999999998,0.9497401100948003
1498,34.0,0.0027700000000550062,0.83,0.6253667779166359
1499,38.0,0.0022930000000087603,0.8099999999999999,0.4183609688009968
1500,40.0,0.0025420000001759036,0.7999999999999999,0.33038349992685023
1501,45.0,0.0032169999999496213,0.7749999999999999,0.8960093537045113
1502,89.0,0.006546000000071217,0.5549999999999997,0.8957001269326419
1503,139.0,0.008483000000069296,0.3049999999999995,0.5332526421327994
1504,99.0,0.007983999999851221,0.5049999999999997,0.9135098741241421
1505,115.0,0.00680899999997564,0.4249999999999996,0.95983071683886
1506,43.0,0.0025860000000648142,0.7849999999999999,0.7506454422979612
1507,58.0,0.0044540000003507885,0.7099999999999999,0.7323959684516963
1508,89.0,0.005270000000109576,0.5549999999999997,1.009928765443202
1509,27.0,0.001926999999795953,0.865,0.504964382721601
1510,50.0,0.0031300000000555883,0.7499999999999999,0.2524821913608004
1511,33.0,0.0024960000000646687,0.835,0.4700400897443082
1512,29.0,0.003979000000072119,0.855,0.35234712632775755
1513,69.0,0.00408900000002177,0.6549999999999998,0.17617356316387878
1514,35.0,0.002445999999963533,0.825,0.7240126733441836
1515,140.0,0.00890800000024683,0.2999999999999995,1.0099513743402124
1516,60.0,0.003643000000010943,0.6999999999999998,0.9791673326324498
1517,154.0,0.010669000000234519,0.22999999999999943,1.0117664438683436
1518,20.0,0.001160000000254513,0.9,0.5825808268304726
1519,39.0,0.0023379999997814593,0.8049999999999999,0.2912904134152363
1520,18.0,0.0010909999996329134,0.91,0.14564520670761816
1521,41.0,0.002381000000241329,0.7949999999999999,0.7529494516005597
1522,48.0,0.003087000000050466,0.7599999999999999,0.682737683351854
1523,74.0,0.005565999999816995,0.6299999999999998,0.833042840540255
1524,70.0,0.004530000000158907,0.6499999999999998,0.5832098892900563
1525,130.0,0.008619000000180677,0.34999999999999953,0.9909291117501946
1526,149.0,0.009103000000322936,0.25499999999999945,0.5737249606802592
1527,39.0,0.0026890000003731984,0.8049999999999999,0.6359595311451214
1528,36.0,0.0035189999998692656,0.82,0.6522029485194832
1529,76.0,0.004594999999881111,0.6199999999999998,0.8745611991856689
1530,100.0,0.005652000000281987,0.49999999999999967,0.7829573550052149
1531,50.0,0.003796999999849504,0.7499999999999999,0.9554752155552074
1532,92.0,0.005447999999887543,0.5399999999999997,0.47773760777760366
1533,130.0,0.007458999999926164,0.34999999999999953,0.23886880388880183
1534,106.0,0.007273999999597436,0.46999999999999964,0.9928364847732638
1535,142.0,0.008515999999872292,0.2899999999999995,0.6409353432692307
1536,140.0,0.011981999999989057,0.2999999999999995,1.0159044911231359
1537,35.0,0.0021769999998468847,0.825,0.8675088787753985
1538,37.0,0.0023320000000239816,0.815,0.521271361665971
1539,40.0,0.0025379999997312552,0.7999999999999999,0.4705824425467212
1540,39.0,0.002729000000272208,0.8049999999999999,0.7223038490200362
1541,170.0,0.010080000000016298,0.14999999999999936,0.7756426770864173
1542,103.0,0.006926999999905092,0.48499999999999965,0.38782133854320866
1543,132.0,0.009474999999838474,0.3399999999999995,0.9928443849009347
1544,52.0,0.003784999999879801,0.7399999999999999,0.971708397849383
1545,55.0,0.0032679999999345455,0.7249999999999999,0.6333028218679788
1546,24.0,0.0015780000003360328,0.88,0.5110538075446965
1547,50.0,0.0034980000000359723,0.7499999999999999,0.36977795639292266
1548,93.0,0.007850999999845953,0.5349999999999997,0.41585544989183254
1549,58.0,0.0034380000001874578,0.7099999999999999,0.6677438697910061
1550,177.0,0.013016000000334316,0.11499999999999932,1.0127552576169168
1551,29.0,0.00221800000008443,0.855,0.7942871861649363
1552,100.0,0.0076069999995524995,0.49999999999999967,0.8762981999289782
1553,198.0,0.014448000000356842,0.009999999999999232,0.9669456337925764
1554,43.0,0.004166000000168424,0.7849999999999999,0.8159054175962629
1555,103.0,0.006804999999985739,0.48499999999999965,0.9676331388742319
1556,50.0,0.0033260000000154832,0.7499999999999999,0.9660222204023003
1557,74.0,0.00672500000018772,0.6299999999999998,0.6312486902652203
1558,27.0,0.001544000000194501,0.865,0.7526014477721952
1559,35.0,0.002807999999731692,0.825,0.4724357034896096
1560,79.0,0.005451999999877444,0.6049999999999998,0.9886432849846151
1561,159.0,0.009887000000162516,0.2049999999999994,0.978548779369793
1562,44.0,0.002676999999948748,0.7799999999999999,0.9309494206385814
1563,53.0,0.007278000000042084,0.7349999999999999,0.8455418105726444
1564,29.0,0.0028630000001612643,0.855,0.587725142214257
1565,96.0,0.007442000000082771,0.5199999999999997,1.0037537483107142
1566,180.0,0.012956999999914842,0.09999999999999931,0.8438242164528575
1567,44.0,0.00472700000000259,0.7799999999999999,0.9702288940383775
1568,44.0,0.002797999999984313,0.7799999999999999,0.9776121275555706
1569,96.0,0.006369000000177039,0.5199999999999997,0.9113986075971902
1570,44.0,0.003576000000066415,0.7799999999999999,0.45569930379859513
1571,43.0,0.0035330000000612927,0.7849999999999999,0.7194972647351184
1572,38.0,0.0023620000001756125,0.8099999999999999,0.725485662522033
1573,38.0,0.0027749999999286956,0.8099999999999999,0.8073964258800574
1574,94.0,0.008409000000028755,0.5299999999999997,0.8751030412815866
1575,31.0,0.002524999999877764,0.845,0.7277495343890876
1576,62.0,0.003490999999939959,0.6899999999999998,0.9431239335352015
1577,56.0,0.004530000000158907,0.7199999999999999,0.6821102697007353
1578,36.0,0.002801999999974214,0.82,0.6469938827358614
1579,138.0,0.009019000000080268,0.3099999999999995,0.8418258388532774
1580,102.0,0.009501999999883992,0.48999999999999966,1.0071511902595855
1581,71.0,0.0045070000001032895,0.6449999999999998,0.9868033488336174
1582,41.0,0.003616999999849213,0.7949999999999999,0.743774281323111
1583,103.0,0.00825299999996787,0.48499999999999965,0.999016560036686
1584,40.0,0.003005999999913911,0.7999999999999999,0.811375897451352
1585,94.0,0.006307999999989988,0.5299999999999997,0.7808379635546023
1586,45.0,0.0043530000002647284,0.7749999999999999,0.7572922947897879
1587,74.0,0.004303000000163593,0.6299999999999998,0.8432005531476578
1588,37.0,0.0026130000001103326,0.815,0.9244027216657652
1589,90.0,0.008880000000317523,0.5499999999999997,0.7669610515094233
1590,108.0,0.008145000000240543,0.45999999999999963,0.7939986835493261
1591,29.0,0.0040829999998095445,0.855,0.5691051875770832
1592,71.0,0.004378999999971711,0.6449999999999998,0.8775727870376312
1593,37.0,0.00210800000013478,0.815,0.9650196364514287
1594,174.0,0.012938999999732914,0.12999999999999934,0.9627157578196663
1595,90.0,0.0064720000000306754,0.5499999999999997,0.8711885267958349
1596,34.0,0.004418999999870721,0.83,0.4355942633979174
1597,41.0,0.002829999999903521,0.7949999999999999,0.8823065064714899
1598,60.0,0.003523999999742955,0.6999999999999998,0.846840056733392
1599,100.0,0.006010000000060245,0.49999999999999967,0.9008886258840652
1600,151.0,0.009289000000080705,0.24499999999999944,0.987625970992922
1601,70.0,0.004187000000001717,0.6499999999999998,0.9427530156789902
1602,44.0,0.003979999999955908,0.7799999999999999,0.7750155438920194
1603,24.0,0.0018089999998665007,0.88,0.6304904873059256
1604,67.0,0.004014999999981228,0.6649999999999998,0.825924407599068
1605,89.0,0.0049619999999777065,0.5549999999999997,0.6461226902679712
1606,47.0,0.0033289999996668485,0.7649999999999999,0.7731225922569849
1607,115.0,0.006661000000349304,0.4249999999999996,0.6880029361042456
1608,37.0,0.0023940000000948203,0.815,0.801388374232129
1609,150.0,0.009869999999864376,0.24999999999999944,0.6667190558534288
1610,21.0,0.001340999999683845,0.895,0.5231254220719403
1611,35.0,0.002175000000079308,0.825,0.5531444767745476
1612,53.0,0.0030310000001918525,0.7349999999999999,0.9372993299983136
1613,77.0,0.00537499999973079,0.6149999999999998,0.8704484840675603
1614,81.0,0.0054270000000542495,0.5949999999999998,0.9243746229984634
1615,194.0,0.01460899999983667,0.02999999999999925,0.9839066735270204
1616,61.0,0.0037730000003648456,0.6949999999999998,0.9309245494326265
1617,40.0,0.0027789999999185966,0.7999999999999999,0.7976779999019812
1618,158.0,0.011274999999841384,0.2099999999999994,0.8959246999425224
1619,48.0,0.002668999999968946,0.7599999999999999,0.7200546699667574
1620,93.0,0.00676900000007663,0.5349999999999997,0.9928055098892713
1621,132.0,0.00784200000043711,0.3399999999999995,1.0105806042634002
1622,49.0,0.002962000000025,0.7549999999999999,0.9443855693643948
1623,80.0,0.005424999999831925,0.5999999999999998,0.4721927846821974
1624,73.0,0.0044100000000071304,0.6349999999999998,0.35326202167636045
1625,37.0,0.0021540000002460147,0.815,0.17663101083818022
1626,36.0,0.0020300000001043372,0.82,0.22764826779265324
1627,51.0,0.003337999999985186,0.7449999999999999,0.7275987946601236
1628,93.0,0.007333999999900698,0.5349999999999997,0.9745343791339811
1629,146.0,0.00822699999980614,0.26999999999999946,0.9985130399153698
1630,27.0,0.002058000000033644,0.865,0.5769481301504588
1631,53.0,0.0030600000000049477,0.7349999999999999,0.4906956751617424
1632,86.0,0.00496000000021013,0.5699999999999997,0.7162547614109946
1633,103.0,0.007136000000173226,0.48499999999999965,1.0018969294048707
1634,82.0,0.004957000000104017,0.5899999999999997,0.9599474391368662
1635,87.0,0.0052289999998720305,0.5649999999999997,1.0063518497366515
1636,40.0,0.002836000000115746,0.7999999999999999,0.5802796243245034
1637,61.0,0.004566000000068016,0.6949999999999998,0.3991989285243406
1638,91.0,0.005451999999877444,0.5449999999999997,0.9080904068619369
1639,106.0,0.0070989999999255815,0.46999999999999964,1.0071410313185816
1640,34.0,0.0022120000003269524,0.83,0.5806150264968237
1641,131.0,0.0073610000004009635,0.34499999999999953,0.6377578598547005
1642,166.0,0.010852000000340922,0.16999999999999937,1.0128866802986773
1643,126.0,0.007249000000228989,0.36999999999999955,0.9045674448582202
1644,123.0,0.010113999999703083,0.38499999999999956,0.7223104533983323
1645,48.0,0.002962000000025,0.7599999999999999,0.4595620308807179
1646,60.0,0.0034200000000055297,0.6999999999999998,0.9484161660514264
1647,181.0,0.011248000000250613,0.09499999999999931,0.47420808302571316
1648,62.0,0.003647000000000844,0.6899999999999998,0.7671195084874123
1649,206.0,0.012840999999752967,-0.030000000000000027,0.9568976892543044
1650,124.0,0.008026000000427302,0.37999999999999956,0.9471255202249791
1651,69.0,0.004036000000269269,0.6549999999999998,0.8871879692700974
1652,131.0,0.007459999999809952,0.34499999999999953,1.0104674918402914
1653,85.0,0.006548000000293541,0.5749999999999997,1.0050141402982047
1654,66.0,0.004170000000158325,0.6699999999999998,0.5025070701491023
1655,73.0,0.004159999999956199,0.6349999999999998,0.9657821058400281
1656,92.0,0.006577999999990425,0.5399999999999997,0.5630374831684386
1657,42.0,0.0023539999997410632,0.7899999999999999,0.6955894252551134
1658,180.0,0.011398999999983062,0.09999999999999931,0.9945149151892863
1659,100.0,0.005806000000120548,0.49999999999999967,0.9301916179484889
1660,200.0,0.012968000000000757,-6.661338147750939e-16,1.006526578408513
1661,22.0,0.0015089999997144332,0.89,0.5032632892042566
1662,173.0,0.01066499999978987,0.13499999999999934,0.996432543281974
1663,62.0,0.003949999999804277,0.6899999999999998,0.5760639190812655
1664,38.0,0.002185000000281434,0.8099999999999999,0.7834458321609828
1665,25.0,0.0014280000000326254,0.875,0.5652929700130443
1666,170.0,0.012652999999772874,0.14999999999999936,0.9968017047292008
1667,31.0,0.0017710000001898152,0.845,0.7463838834567204
1668,64.0,0.0036099999997531995,0.6799999999999998,0.9693822463851433
1669,23.0,0.0014999999998508429,0.885,0.5645675429001125
1670,46.0,0.0038299999996525003,0.7699999999999999,0.28228377145005623
1671,47.0,0.002767999999832682,0.7649999999999999,0.9684565307189855
1672,43.0,0.002611999999771797,0.7849999999999999,0.689888960323481
1673,80.0,0.004637000000002445,0.5999999999999998,0.9747722036147752
1674,68.0,0.0048609999998916464,0.6599999999999998,0.7821190857865412
1675,117.0,0.006855000000086875,0.4149999999999996,0.9847231457095766
1676,85.0,0.0049500000000080036,0.5749999999999997,1.0075626702128269
1677,39.0,0.004118000000289612,0.8049999999999999,0.5037813351064133
1678,164.0,0.009499000000232627,0.17999999999999938,0.9275346890690352
1679,59.0,0.0035870000001523294,0.7049999999999998,0.677323397321843
1680,104.0,0.007274999999935972,0.47999999999999965,0.8836136482666791
1681,58.0,0.003281000000242784,0.7099999999999999,0.7618953181426534
1682,197.0,0.01203799999984767,0.014999999999999236,0.5575078468239228
1683,72.0,0.004144999999880383,0.6399999999999998,0.9837885206175938
1684,55.0,0.0033220000000255823,0.7249999999999999,0.8301855648547509
1685,67.0,0.006123000000116008,0.6649999999999998,0.9770132553411949
1686,35.0,0.0023200000000542786,0.825,0.5678107217064343
1687,98.0,0.006040999999640917,0.5099999999999997,0.3938996449116612
1688,143.0,0.00977999999986423,0.2849999999999995,0.8122865917603496
1689,101.0,0.005866999999852851,0.49499999999999966,0.9729464597810429
1690,82.0,0.005865999999969063,0.5899999999999997,0.9701383321689517
1691,55.0,0.0035899999998036947,0.7249999999999999,0.8116819513911453
1692,34.0,0.0019079999997302366,0.83,0.8706723684470721
1693,60.0,0.003523999999742955,0.6999999999999998,0.43533618422353615
1694,63.0,0.005505000000084692,0.6849999999999998,0.9981691583823261
1695,29.0,0.0017840000000433065,0.855,0.7467407931334787
1696,37.0,0.0022349999999278225,0.815,0.3733703965667394
1697,186.0,0.011504999999942811,0.06999999999999929,0.986190618576813
1698,89.0,0.005376000000069325,0.5549999999999997,0.9946088815675407
1699,195.0,0.014353999999912048,0.024999999999999245,0.9755781674038724
1700,42.0,0.0023969999997461855,0.7899999999999999,0.8175332955313213
1701,51.0,0.0028539999998429266,0.7449999999999999,0.7923361220299793
1702,307.0,0.02029499999980544,-0.5349999999999893,1.0149900693774725
1703,136.0,0.008005000000139262,0.3199999999999995,0.9768008546071394
1704,49.0,0.002704999999878055,0.7549999999999999,0.6351424718717184
1705,366.0,0.02419499999996333,-0.829999999999983,0.9978512446156295
1706,780.0,0.04817299999967872,-2.899999999999939,0.8926836865984475
1707,581.0,0.03607999999985623,-1.9049999999999603,1.000238308208739
1708,136.0,0.007623999999850639,0.3199999999999995,0.5001191541043695
1709,52.0,0.0038930000000618747,0.7399999999999999,0.9272060556283142
1710,148.0,0.008562999999867316,0.25999999999999945,0.9384558982152499
1711,139.0,0.009544999999889114,0.3049999999999995,0.5514238449279077
1712,152.0,0.00865799999974115,0.23999999999999944,0.8078178294115
1713,407.0,0.02530800000022282,-1.0349999999999788,1.0170071263683615
1714,130.0,0.007580000000416476,0.34999999999999953,0.751657561646484
1715,183.0,0.011477000000013504,0.0849999999999993,0.866513346267362
1716,157.0,0.009804999999687425,0.2149999999999994,0.8405834350326785
1717,301.0,0.018218000000160828,-0.5049999999999899,0.9118008092806388
1718,161.0,0.009345999999823107,0.1949999999999994,0.6724921128593186
1719,70.0,0.004754999999931897,0.6499999999999998,0.917168474383067
1720,75.0,0.004534000000148808,0.6249999999999998,0.7255993614825346
1721,102.0,0.0057059999999182764,0.48999999999999966,0.4609598168165038
1722,28.0,0.002351000000089698,0.86,0.3484880103334407
1723,144.0,0.008225000000038563,0.27999999999999947,0.9614731433281816
1724,74.0,0.00463099999979022,0.6299999999999998,0.4807365716640908
1725,42.0,0.004030999999940832,0.7899999999999999,0.45593924965854193
1726,59.0,0.00436600000011822,0.7049999999999998,0.22796962482927097
1727,112.0,0.006756000000223139,0.4399999999999996,0.9760646916302815
1728,200.0,0.012963000000127067,-6.661338147750939e-16,0.9907495234873032
1729,58.0,0.0037320000001273,0.7099999999999999,0.6967343024154025
1730,27.0,0.0026390000002720626,0.865,0.8622874297285374
1731,28.0,0.0016000000000531145,0.86,0.5937744971343234
1732,135.0,0.007806000000073254,0.3249999999999995,0.6222829863250143
1733,78.0,0.005882999999812455,0.6099999999999998,0.820965663951679
1734,55.0,0.0033830000002126326,0.7249999999999999,0.8335702197106678
1735,50.0,0.0030329999999594293,0.7499999999999999,0.6402209555819082
1736,58.0,0.003376000000116619,0.7099999999999999,0.9491220225093102
1737,127.0,0.007635000000391301,0.36499999999999955,0.7764285249750003
1738,150.0,0.008817000000362896,0.24999999999999944,1.0000486138742168
1739,32.0,0.0021199999996497354,0.84,0.8190089074006921
1740,79.0,0.0057460000002720335,0.6049999999999998,0.9641157666548196
1741,27.0,0.0017629999997552659,0.865,0.6305599838489429
1742,46.0,0.0025660000001153094,0.7699999999999999,0.5100629573103197
1743,33.0,0.0018589999999676365,0.835,0.6193435493218067
1744,46.0,0.002880999999888445,0.7699999999999999,0.6906074970017995
1745,31.0,0.003280999999788037,0.845,0.3453037485008996
1746,249.0,0.014840000000276632,-0.24499999999999544,1.0132915300329772
1747,63.0,0.0037029999998594576,0.6849999999999998,0.8067145600513732
1748,30.0,0.0021780000001854205,0.85,0.4033572800256866
1749,232.0,0.014984999999796855,-0.15999999999999726,1.0125391989302324
1750,28.0,0.0016289999998662097,0.86,0.5829092477317754
1751,57.0,0.003224000000045635,0.7149999999999999,0.4003165184724311
1752,95.0,0.006634999999732827,0.5249999999999997,0.8834139027972876
1753,90.0,0.005454999999983556,0.5499999999999997,0.5280309968752739
1754,138.0,0.008874000000105298,0.3099999999999995,0.9892489579720188
1755,101.0,0.005908999999974185,0.49499999999999966,0.5730108953245345
1756,40.0,0.0022590000003219757,0.7999999999999999,0.6549946761962091
1757,26.0,0.0014730000002600718,0.87,0.7264737243843626
1758,52.0,0.003627000000051339,0.7399999999999999,0.3632368621921813
1759,90.0,0.005842000000029657,0.5499999999999997,0.9094510759514886
1760,62.0,0.00363100000004124,0.6899999999999998,0.8165899233667927
1761,110.0,0.006540000000313739,0.4499999999999996,0.983593731896673
1762,56.0,0.0033770000000004075,0.7199999999999999,0.7359174521306507
1763,51.0,0.0029770000001008157,0.7449999999999999,0.9340032973233338
1764,29.0,0.001686000000063359,0.855,0.8897651897526675
1765,35.0,0.001968999999917287,0.825,0.44488259487633375
1766,36.0,0.00205599999981132,0.82,0.7174575064697746
1767,18.0,0.0011280000003353052,0.91,0.3587287532348873
1768,134.0,0.009368999999878724,0.3299999999999995,0.9834133454793217
1769,105.0,0.006930999999894993,0.47499999999999964,0.9703143705626345
1770,119.0,0.0073010000000977016,0.4049999999999996,1.012205137139135
1771,32.0,0.0018089999998665007,0.84,0.8459026725130283
1772,78.0,0.0044200000002092565,0.6099999999999998,0.8825986358152607
1773,84.0,0.005771999999979016,0.5799999999999997,0.6983099627868576
1774,329.0,0.020366000000194617,-0.6449999999999869,1.0168378826080993
1775,85.0,0.004745000000184518,0.5749999999999997,0.8762010836322061
1776,32.0,0.0019680000000334985,0.84,0.5988008046070237
1777,91.0,0.006000999999741907,0.5449999999999997,0.6425044047720192
1778,92.0,0.0052550000000337604,0.5399999999999997,0.9112739217681716
1779,70.0,0.00505299999986164,0.6499999999999998,0.6114708673836411
1780,96.0,0.005904999999984284,0.5199999999999997,0.9884862639875238
1781,37.0,0.0021600000000034925,0.815,0.6859223891782095
1782,231.0,0.016990999999961787,-0.15499999999999736,0.9899163759089068
1783,48.0,0.002842999999757012,0.7599999999999999,0.9302761993452903
1784,62.0,0.004468000000088068,0.6899999999999998,0.8402220028812345
1785,53.0,0.0032950000004348112,0.7349999999999999,0.8157261449227877
1786,175.0,0.0099209999998493,0.12499999999999933,0.9647338993432327
1787,48.0,0.004104000000097585,0.7599999999999999,0.8154883403081323
1788,66.0,0.003936000000066997,0.6699999999999998,0.40774417015406617
1789,108.0,0.006479000000126689,0.45999999999999963,0.8249324294497005
1790,83.0,0.005826999999953841,0.5849999999999997,0.9311821080670828
1791,33.0,0.0019149999998262501,0.835,0.678443382917931
1792,31.0,0.00200700000004872,0.845,0.9038440564967816
1793,79.0,0.004470000000310392,0.6049999999999998,0.7130927563885041
1794,60.0,0.004273000000011962,0.6999999999999998,0.9924975767674339
1795,62.0,0.00361899999961679,0.6899999999999998,0.89830035576884
1796,70.0,0.004072000000178377,0.6499999999999998,0.8732983567785515
1797,51.0,0.0029209999997874547,0.7449999999999999,0.9702605531825005
1798,37.0,0.002250000000003638,0.815,0.4851302765912502
1799,62.0,0.005008000000088941,0.6899999999999998,0.8773838497025749
1800,28.0,0.0017299999999522697,0.86,0.5992280788499443
1801,48.0,0.0027179999997315463,0.7599999999999999,0.2996140394249722
1802,42.0,0.002418000000034226,0.7899999999999999,0.7505259509560882
1803,21.0,0.0012019999999210995,0.895,0.3752629754780441
1804,51.0,0.003305999999611231,0.7449999999999999,0.8565026924118052
1805,44.0,0.0030619999997725245,0.7799999999999999,0.9715320535419756
1806,25.0,0.0021099999999023566,0.875,0.7397884255291947
1807,33.0,0.0020939999999427528,0.835,0.8408157338851409
1808,88.0,0.005218000000240863,0.5599999999999997,0.7056710576102618
1809,92.0,0.006686000000172498,0.5399999999999997,0.9212517906348887
1810,73.0,0.0043009999999412685,0.6349999999999998,0.6652338931742505
1811,66.0,0.003995000000031723,0.6699999999999998,0.8051301289938128
1812,215.0,0.013423000000329921,-0.07499999999999907,1.0078646591733595
1813,64.0,0.0059380000002420275,0.6799999999999998,0.9701425562470414
1814,30.0,0.0030430000001615554,0.85,0.8165082764738589
1815,54.0,0.005446000000119966,0.7299999999999999,0.9894329657390528
1816,122.0,0.01265800000010131,0.38999999999999957,0.9688971445770486
1817,130.0,0.012901999999940017,0.34999999999999953,0.8914434872562137
1818,51.0,0.0053520000001299195,0.7449999999999999,0.7481410315352642
1819,25.0,0.0025800000003073364,0.875,0.8110278219961571
1820,50.0,0.00540999999975611,0.7499999999999999,0.6415485074512774
1821,89.0,0.008714000000054511,0.5549999999999997,1.01607667018319
1822,57.0,0.00595500000008542,0.7149999999999999,0.7045113193977083
1823,66.0,0.0049800000001596345,0.6699999999999998,0.9059265467477817
1824,73.0,0.004177000000254338,0.6349999999999998,0.5375988705542338
1825,42.0,0.002907000000050175,0.7899999999999999,0.8438581983419662
1826,58.0,0.00603000000000975,0.7099999999999999,1.0023004557426807
1827,26.0,0.0026850000003832974,0.87,0.5011502278713404
1828,32.0,0.002383999999892694,0.84,0.2505751139356702
1829,36.0,0.0022290000001703447,0.82,0.4694544977824542
1830,109.0,0.008040999999593623,0.4549999999999996,0.7144045295947652
1831,58.0,0.0034330000003137684,0.7099999999999999,0.942570470888941
1832,85.0,0.004861999999775435,0.5749999999999997,0.7578596207260795
1833,28.0,0.0027529999997568666,0.86,0.8470613892450849
1834,126.0,0.007074000000102387,0.36999999999999955,0.9982214511822899
1835,43.0,0.0027439999998932763,0.7849999999999999,0.9971196677864101
1836,61.0,0.003994000000147935,0.6949999999999998,0.7464668728082865
1837,22.0,0.0016669999999976426,0.89,0.6217242609912769
1838,41.0,0.0023379999997814593,0.7949999999999999,0.7508053808285591
1839,64.0,0.0039289999999709835,0.6799999999999998,0.6230564541102518
1840,130.0,0.008563000000322063,0.34999999999999953,1.0018556828929497
1841,54.0,0.0030249999999796273,0.7299999999999999,0.8765211561624391
1842,76.0,0.004493999999795051,0.6199999999999998,0.9728085738081382
1843,38.0,0.0022450000001299486,0.8099999999999999,0.8245184353035439
1844,42.0,0.0025680000003376335,0.7899999999999999,0.6650450368242767
1845,111.0,0.009751000000051135,0.4449999999999996,0.8698083761398105
1846,32.0,0.0017989999996643746,0.84,0.7132382278407376
1847,80.0,0.006620999999995547,0.5999999999999998,0.8257818932034529
1848,74.0,0.005666000000019267,0.6299999999999998,0.4128909466017263
1849,69.0,0.004445000000032451,0.6549999999999998,0.7907881382279753
1850,45.0,0.00286099999993894,0.7749999999999999,0.8947827999064637
1851,36.0,0.002850000000307773,0.82,0.9094406036252806
1852,43.0,0.002743000000009488,0.7849999999999999,0.8368822955769715
1853,67.0,0.003991000000041822,0.6649999999999998,0.9170022410098809
1854,126.0,0.00834000000031665,0.36999999999999955,1.0082681745158761
1855,82.0,0.005329000000074302,0.5899999999999997,0.5041340872579382
1856,76.0,0.0047350000004371395,0.6199999999999998,0.9792130198666591
1857,176.0,0.012477000000217231,0.11999999999999933,0.873689882714316
1858,48.0,0.0030379999998331186,0.7599999999999999,0.8836107547876757
1859,253.0,0.017287000000123953,-0.264999999999995,1.00114527035326
1860,29.0,0.00256100000024162,0.855,0.9154897674494578
1861,24.0,0.0014520000004267786,0.88,0.6129938416360058
1862,20.0,0.0012389999997139967,0.9,0.413102470881729
1863,30.0,0.001833999999689695,0.85,0.82496182313594
1864,32.0,0.0018199999999524152,0.84,0.8233413148415596
1865,50.0,0.0028449999999793363,0.7499999999999999,0.6453295193481188
1866,108.0,0.008366000000023632,0.45999999999999963,0.9825031469448013
1867,36.0,0.002185000000281434,0.82,0.9678988564637944
1868,93.0,0.005207000000154949,0.5349999999999997,0.9701843126792716
1869,32.0,0.002234000000044034,0.84,0.8165161506829539
1870,69.0,0.004987999999684689,0.6549999999999998,0.9310325715213551
1871,67.0,0.003911999999672844,0.6649999999999998,0.6783974658523585
1872,62.0,0.0035929999999098072,0.6899999999999998,0.663279382096618
1873,41.0,0.0024169999996956903,0.7949999999999999,0.43447382557748926
1874,41.0,0.0034460000001672597,0.7949999999999999,0.21723691278874457
1875,48.0,0.0026920000000245636,0.7599999999999999,0.2449057761216431
1876,45.0,0.0026609999999891443,0.7749999999999999,0.9730281376459374
1877,77.0,0.004609999999956926,0.6149999999999998,0.965449417320074
1878,44.0,0.0040260000000671425,0.7799999999999999,0.6889655885654276
1879,38.0,0.003240999999889027,0.8099999999999999,0.7187121290640223
1880,77.0,0.004912999999760359,0.6149999999999998,0.9236276269818874
1881,58.0,0.003685000000132277,0.7099999999999999,0.807736734953017
1882,68.0,0.004540999999790074,0.6599999999999998,0.9483123934938906
1883,52.0,0.002879000000120868,0.7399999999999999,0.9250211247551201
1884,80.0,0.005140000000210421,0.5999999999999998,0.924376959794719
1885,20.0,0.0011970000000474101,0.9,0.5454402960991822
1886,26.0,0.0015940000002956367,0.87,0.5599965377805376
1887,50.0,0.004298999999718944,0.7499999999999999,0.9280687776706764
1888,121.0,0.007261000000198692,0.3949999999999996,0.8141206850943422
1889,86.0,0.006026999999903637,0.5699999999999997,0.7464781196721871
1890,88.0,0.005423999999948137,0.5599999999999997,1.0010434089935405
1891,23.0,0.001566999999795371,0.885,0.6998951686336614
1892,141.0,0.009219999999913853,0.2949999999999995,0.9458185715626084
1893,86.0,0.0050329999999121355,0.5699999999999997,0.8427132670964401
1894,86.0,0.005983999999898515,0.5699999999999997,0.7503581550406593
1895,148.0,0.009782000000086555,0.25999999999999945,1.0149088714238292
1896,38.0,0.0023989999999685097,0.8099999999999999,0.8153461210562993
1897,75.0,0.004316999999900872,0.6249999999999998,0.7873175761975265
1898,23.0,0.0022400000002562592,0.885,0.4871900580703753
1899,35.0,0.0021179999998821586,0.825,0.2435950290351876
1900,51.0,0.0031249999997271516,0.7449999999999999,0.9475187509669488
1901,46.0,0.0027869999998983985,0.7699999999999999,0.8691180066076754
1902,72.0,0.0040520000002288725,0.6399999999999998,0.836368236548914
1903,93.0,0.0062359999997170235,0.5349999999999997,0.8944472111516031
1904,31.0,0.0017530000000078871,0.845,0.6053922181734059
1905,138.0,0.011363000000073953,0.3099999999999995,0.9549142735198316
1906,75.0,0.0051199999998061685,0.6249999999999998,0.9173164987147933
1907,118.0,0.008047999999689637,0.4099999999999996,0.45865824935739674
1908,63.0,0.00370599999996557,0.6849999999999998,0.44796345572524876
1909,271.0,0.017232000000149128,-0.3549999999999931,1.0091479192905848
1910,192.0,0.012994000000162487,0.03999999999999926,0.9492755358535158
1911,56.0,0.0033939999998437997,0.7199999999999999,0.5560221909241707
1912,73.0,0.004167000000052212,0.6349999999999998,0.9879405111874832
1913,43.0,0.0024779999998827407,0.7849999999999999,0.9969204255797568
1914,42.0,0.00250899999991816,0.7899999999999999,0.6986291550391666
1915,37.0,0.0028909999996358238,0.815,0.34931457751958317
1916,90.0,0.005642999999963649,0.5499999999999997,0.9613491618473542
1917,65.0,0.0036880000002383895,0.6749999999999998,0.9741499427002459
1918,77.0,0.005538999999771477,0.6149999999999998,0.7404717027804069
1919,74.0,0.004778999999871303,0.6299999999999998,0.7731981509047982
1920,122.0,0.0069410000000971195,0.38999999999999957,0.38659907545239913
1921,77.0,0.006029000000125961,0.6149999999999998,0.9307985978681257
1922,59.0,0.0034210000003440655,0.7049999999999998,0.54816949228038
1923,57.0,0.003392000000076223,0.7149999999999999,0.9385322983814068
1924,76.0,0.004399000000375963,0.6199999999999998,0.9758124367521932
1925,146.0,0.009192999999868334,0.26999999999999946,0.894607042353288
1926,32.0,0.0018530000002101588,0.84,0.8022641852351017
1927,144.0,0.009595999999874039,0.27999999999999947,0.5720911000610697
1928,38.0,0.002273999999943044,0.8099999999999999,0.8732548753463687
1929,54.0,0.0032929999997577397,0.7299999999999999,0.8859148775916217
1930,53.0,0.0032459999997627165,0.7349999999999999,0.8690079309116754
1931,39.0,0.002746999999999389,0.8049999999999999,0.7130293091348031
1932,69.0,0.003993000000264146,0.6549999999999998,0.9158174078745941
1933,172.0,0.011113000000023021,0.13999999999999935,1.0153659229136283
1934,43.0,0.0024129999997057894,0.7849999999999999,0.9944471143534788
1935,61.0,0.00429100000019389,0.6949999999999998,0.5752201117866551
1936,74.0,0.005012000000078842,0.6299999999999998,0.397048635695755
1937,42.0,0.004120000000057189,0.7899999999999999,0.42570698278998076
1938,48.0,0.0031490000001213048,0.7599999999999999,0.9572692678190424
1939,22.0,0.001366999999845575,0.89,0.5594195270095197
1940,60.0,0.003681000000142376,0.6999999999999998,0.48436346727707813
1941,27.0,0.0015790000002198212,0.865,0.6733206049818172
1942,67.0,0.005214000000250962,0.6649999999999998,0.7754962020523319
1943,110.0,0.006422999999813328,0.4499999999999996,0.9819551303595264
1944,27.0,0.00161500000012893,0.865,0.6940338740756045
1945,38.0,0.002589000000170927,0.8099999999999999,0.34701693703780223
1946,40.0,0.0033389999998689746,0.7999999999999999,0.6428499124215129
1947,230.0,0.013870000000224536,-0.14999999999999747,1.0103549478870792
1948,27.0,0.0017620000003262248,0.865,0.5051774739435395
1949,15.0,0.0009820000000217988,0.925,0.25258873697176987
1950,29.0,0.0016350000000784348,0.855,0.47007280590597644
1951,172.0,0.010002999999869644,0.13999999999999935,0.9405855896222617
1952,51.0,0.0036090000003241585,0.7449999999999999,0.7476949935444984
1953,42.0,0.002335000000130094,0.7899999999999999,0.8581324972714683
1954,127.0,0.007607000000007247,0.36499999999999955,0.80639927181424
1955,54.0,0.0044320000001789595,0.7299999999999999,0.8749875623917374
1956,81.0,0.004872999999861349,0.5949999999999998,0.7985644465529451
1957,36.0,0.0022030000000086147,0.82,0.8468254594256365
1958,80.0,0.004884999999831052,0.5999999999999998,0.8480824156476252
1959,81.0,0.005071999999927357,0.5949999999999998,0.8798148236348234
1960,38.0,0.0021929999998064886,0.8099999999999999,0.6626704161419503
1961,70.0,0.004151999999976397,0.6499999999999998,0.7907805773485618
1962,26.0,0.0014820000001236622,0.87,0.6353313378916752
1963,27.0,0.0017170000000987784,0.865,0.4225959067903885
1964,17.0,0.00200700000004872,0.915,0.434935934472917
1965,75.0,0.004918999999972584,0.6249999999999998,0.6890562929166258
1966,107.0,0.005908999999974185,0.46499999999999964,0.9788889820022247
1967,59.0,0.004464000000098167,0.7049999999999998,0.9189631869191257
1968,34.0,0.001930000000356813,0.83,0.6142486144194234
1969,54.0,0.003501000000142085,0.7299999999999999,0.5041704751039059
1970,60.0,0.0033320000002277084,0.6999999999999998,0.8087139043751335
1971,164.0,0.010323999999855005,0.17999999999999938,0.9936486922600863
1972,39.0,0.0024000000003070454,0.8049999999999999,0.9147518252761141
1973,26.0,0.0016209999998864077,0.87,0.6127272600258853
1974,24.0,0.0013699999999516876,0.88,0.30636363001294264
1975,76.0,0.006054999999832944,0.6199999999999998,0.9688138750973736
1976,75.0,0.005212000000028638,0.6249999999999998,0.9527829086439396
1977,138.0,0.008184999999684806,0.3099999999999995,0.8247961393373875
1978,31.0,0.003014999999777501,0.845,0.7488464975526821
1979,42.0,0.0036620000000766595,0.7899999999999999,0.7319968677815092
1980,37.0,0.0020750000003317837,0.815,0.9483324756290811
1981,50.0,0.002911000000040076,0.7499999999999999,0.812395445803456
1982,90.0,0.006339000000025408,0.5499999999999997,0.9795176036012138
1983,20.0,0.0011570000001484004,0.9,0.7767469733459851
1984,196.0,0.012067999999999302,0.01999999999999924,1.0137214286245773
1985,60.0,0.0037009999996371334,0.6999999999999998,0.8781378078046348
1986,109.0,0.006710999999995693,0.4549999999999996,0.9819236061334705
1987,33.0,0.002124999999978172,0.835,0.9423474584802702
1988,65.0,0.004648000000088359,0.6749999999999998,0.961085588089072
1989,41.0,0.002391999999872496,0.7949999999999999,0.8523580971479368
1990,79.0,0.005433000000266475,0.6049999999999998,0.8277326237178202
1991,15.0,0.0010159999997085833,0.925,0.4138663118589101
1992,75.0,0.005587999999988824,0.6249999999999998,0.43178236830392047
1993,34.0,0.0019989999996141705,0.83,0.714987134416593
1994,38.0,0.0021299999998518615,0.8099999999999999,0.4564496203134787
1995,32.0,0.0018140000001949375,0.84,0.7485453933093549
1996,57.0,0.0032679999999345455,0.7149999999999999,0.8722438575433842
1997,140.0,0.009315000000242435,0.2999999999999995,0.9471338741166344
1998,48.0,0.0028090000000702275,0.7599999999999999,0.7334204244548699
1999,46.0,0.002561999999670661,0.7699999999999999,0.62702229460268
